Ord_Krig_Cu
1.94166
1.97648
2.01421
2.0234
2.0134
2.00181
2.05928
-999
-999
-999
-999
-999
-999
-999
-999
-999
-999
-999
-999
-999
-999
-999
-999
-999
-999
-999
-999
-999
-999
-999
-999
-999
-999
-999
-999
-999
-999
-999
-999
-999
-999
-999
-999
-999
-999
-999
-999
-999
-999
-999
-999
-999
-999
-999
-999
-999
-999
-999
-999
-999
-999
-999
-999
-999
-999
-999
-999
-999
-999
-999
1.90843
1.90607
1.98365
2.0204
2.0085
1.9979
1.97933
-999
-999
-999
-999
-999
-999
-999
-999
-999
-999
-999
-999
-999
-999
-999
-999
-999
-999
-999
-999
-999
-999
-999
-999
-999
-999
-999
-999
-999
-999
-999
-999
-999
-999
-999
-999
-999
-999
-999
-999
-999
-999
-999
-999
-999
-999
-999
-999
-999
-999
-999
-999
-999
-999
-999
-999
-999
-999
-999
-999
-999
-999
-999
1.88121
1.84765
1.93382
1.99662
1.99589
1.99043
1.97485
-999
-999
-999
-999
-999
-999
-999
-999
-999
-999
-999
-999
-999
-999
-999
-999
-999
-999
-999
-999
-999
-999
-999
-999
-999
-999
-999
-999
-999
-999
-999
-999
-999
-999
-999
-999
-999
-999
-999
-999
-999
-999
-999
-999
-999
-999
-999
-999
-999
-999
-999
-999
-999
-999
-999
-999
-999
-999
-999
-999
-999
-999
-999
1.8746
1.85779
1.90946
1.96433
1.97922
1.98082
1.87112
-999
-999
-999
-999
-999
-999
-999
-999
-999
-999
-999
-999
-999
-999
-999
-999
-999
-999
-999
-999
-999
-999
-999
-999
-999
-999
-999
-999
-999
-999
-999
-999
-999
-999
-999
-999
-999
-999
-999
-999
-999
-999
-999
-999
-999
-999
-999
-999
-999
-999
-999
-999
-999
-999
-999
-999
-999
-999
-999
-999
-999
-999
-999
1.8823
1.87991
1.90914
1.94578
1.9647
1.87036
1.9477
-999
-999
-999
-999
-999
-999
-999
-999
-999
-999
-999
-999
-999
-999
-999
-999
-999
-999
-999
-999
-999
-999
-999
-999
-999
-999
-999
-999
-999
-999
-999
-999
-999
-999
-999
-999
-999
-999
-999
-999
-999
-999
-999
-999
-999
-999
-999
-999
-999
-999
-999
-999
-999
-999
-999
-999
-999
-999
-999
-999
-999
-999
-999
1.79833
1.89558
1.90551
1.84887
1.85997
1.86274
-999
-999
-999
-999
-999
-999
-999
-999
-999
-999
-999
-999
-999
-999
-999
-999
-999
-999
-999
-999
-999
-999
-999
-999
-999
-999
-999
-999
-999
-999
-999
-999
-999
-999
-999
-999
-999
-999
-999
-999
-999
-999
-999
-999
-999
-999
-999
-999
-999
-999
-999
-999
-999
-999
-999
-999
-999
-999
-999
-999
-999
-999
-999
-999
1.385
1.81461
1.82849
1.84288
2.18501
-999
-999
-999
-999
-999
-999
-999
-999
-999
-999
-999
-999
-999
-999
-999
-999
-999
-999
-999
-999
-999
-999
-999
-999
-999
-999
-999
-999
-999
-999
-999
-999
-999
-999
-999
-999
-999
-999
-999
-999
-999
-999
-999
-999
-999
-999
-999
-999
-999
-999
-999
-999
-999
-999
-999
-999
-999
-999
-999
-999
-999
-999
-999
-999
-999
-999
-999
-999
-999
-999
-999
-999
-999
-999
-999
-999
-999
-999
-999
-999
-999
-999
-999
-999
-999
-999
-999
-999
-999
-999
-999
-999
-999
-999
-999
-999
-999
-999
-999
-999
-999
-999
-999
-999
-999
-999
-999
-999
-999
-999
-999
-999
-999
-999
-999
-999
-999
-999
-999
-999
-999
-999
-999
-999
-999
-999
-999
-999
-999
-999
-999
-999
-999
-999
-999
-999
-999
-999
-999
-999
-999
-999
-999
-999
-999
-999
-999
-999
-999
-999
-999
-999
-999
-999
-999
-999
-999
-999
-999
-999
-999
-999
-999
-999
-999
-999
-999
-999
-999
-999
-999
-999
-999
-999
-999
-999
-999
-999
-999
-999
-999
-999
-999
-999
-999
-999
-999
-999
-999
-999
-999
-999
-999
-999
-999
-999
-999
-999
-999
-999
-999
-999
-999
-999
-999
-999
-999
-999
-999
-999
-999
-999
-999
-999
-999
-999
-999
-999
-999
-999
-999
-999
-999
-999
-999
-999
-999
-999
-999
-999
-999
-999
-999
-999
-999
-999
-999
-999
-999
-999
-999
-999
-999
-999
-999
-999
-999
-999
-999
-999
-999
-999
-999
-999
-999
-999
-999
-999
-999
-999
-999
-999
-999
-999
-999
-999
-999
-999
-999
-999
-999
-999
-999
-999
-999
-999
-999
-999
-999
-999
-999
-999
-999
-999
-999
-999
-999
-999
-999
-999
-999
-999
-999
-999
-999
-999
-999
-999
-999
-999
-999
-999
-999
-999
-999
-999
-999
-999
-999
-999
-999
-999
-999
-999
-999
-999
-999
-999
-999
-999
-999
-999
-999
-999
-999
-999
-999
-999
-999
-999
-999
-999
-999
-999
-999
-999
-999
-999
-999
-999
-999
-999
-999
-999
-999
-999
-999
-999
-999
-999
-999
-999
-999
-999
-999
-999
-999
-999
-999
-999
-999
-999
-999
-999
-999
-999
-999
-999
-999
-999
-999
-999
-999
-999
-999
-999
-999
-999
-999
-999
-999
-999
-999
-999
-999
-999
-999
-999
-999
-999
-999
-999
-999
-999
-999
-999
-999
-999
-999
-999
-999
-999
-999
-999
-999
-999
-999
-999
-999
-999
-999
-999
-999
-999
-999
-999
2.724
2.66051
2.65208
2.41414
-999
-999
-999
-999
-999
-999
-999
-999
-999
-999
-999
-999
-999
-999
-999
-999
-999
-999
-999
-999
-999
-999
-999
-999
-999
-999
-999
-999
-999
-999
-999
-999
-999
-999
-999
-999
-999
-999
-999
-999
-999
-999
-999
-999
-999
-999
-999
-999
-999
-999
-999
-999
-999
-999
-999
-999
-999
-999
-999
-999
-999
-999
-999
-999
-999
2.68658
2.5452
2.53591
2.52431
2.51621
2.64827
2.42099
-999
-999
-999
-999
-999
-999
-999
-999
-999
-999
-999
-999
-999
-999
-999
-999
-999
-999
-999
-999
-999
-999
-999
-999
-999
-999
-999
-999
-999
-999
-999
-999
-999
-999
-999
-999
-999
-999
-999
-999
-999
-999
-999
-999
-999
-999
-999
-999
-999
-999
-999
-999
-999
-999
-999
-999
-999
-999
-999
-999
-999
-999
-999
2.42522
2.44028
2.4418
2.42405
2.3995
2.37939
2.50804
-999
-999
-999
-999
-999
-999
-999
-999
-999
-999
-999
-999
-999
-999
-999
-999
-999
-999
-999
-999
-999
-999
-999
-999
-999
-999
-999
-999
-999
-999
-999
-999
-999
-999
-999
-999
-999
-999
-999
-999
-999
-999
-999
-999
-999
-999
-999
-999
-999
-999
-999
-999
-999
-999
-999
-999
-999
-999
-999
-999
-999
-999
-999
2.42813
2.4527
2.45992
2.4298
2.39391
2.37056
2.3587
2.42509
-999
-999
-999
-999
-999
-999
-999
-999
-999
-999
-999
-999
-999
-999
-999
-999
-999
-999
-999
-999
-999
-999
-999
-999
-999
-999
-999
-999
-999
-999
-999
-999
-999
-999
-999
-999
-999
-999
-999
-999
-999
-999
-999
-999
-999
-999
-999
-999
-999
-999
-999
-999
-999
-999
-999
-999
-999
-999
-999
-999
-999
-999
2.42222
2.45614
2.49509
2.43151
2.37569
2.35488
2.34763
2.34548
-999
-999
-999
-999
-999
-999
-999
-999
-999
-999
-999
-999
-999
-999
-999
-999
-999
-999
-999
-999
-999
-999
-999
-999
-999
-999
-999
-999
-999
-999
-999
-999
-999
-999
-999
-999
-999
-999
-999
-999
-999
-999
-999
-999
-999
-999
-999
-999
-999
-999
-999
-999
-999
-999
-999
-999
-999
-999
-999
-999
-999
-999
2.40316
2.42546
2.47209
2.36971
2.33725
2.33303
2.33444
2.33709
-999
-999
-999
-999
-999
-999
-999
-999
-999
-999
-999
-999
-999
-999
-999
-999
-999
-999
-999
-999
-999
-999
-999
-999
-999
-999
-999
-999
-999
-999
-999
-999
-999
-999
-999
-999
-999
-999
-999
-999
-999
-999
-999
-999
-999
-999
-999
-999
-999
-999
-999
-999
-999
-999
-999
-999
-999
-999
-999
-999
-999
-999
2.37478
2.36461
2.29787
2.25069
2.29248
2.31064
2.32151
2.32904
-999
-999
-999
-999
-999
-999
-999
-999
-999
-999
-999
-999
-999
-999
-999
-999
-999
-999
-999
-999
-999
-999
-999
-999
-999
-999
-999
-999
-999
-999
-999
-999
-999
-999
-999
-999
-999
-999
-999
-999
-999
-999
-999
-999
-999
-999
-999
-999
-999
-999
-999
-999
-999
-999
-999
-999
-999
-999
-999
-999
-999
-999
2.34811
2.33068
2.266
2.24076
2.27925
2.29493
2.3115
2.09043
-999
-999
-999
-999
-999
-999
-999
-999
-999
-999
-999
-999
-999
-999
-999
-999
-999
-999
-999
-999
-999
-999
-999
-999
-999
-999
-999
-999
-999
-999
-999
-999
-999
-999
-999
-999
-999
-999
-999
-999
-999
-999
-999
-999
-999
-999
-999
-999
-999
-999
-999
-999
-999
-999
-999
-999
-999
-999
-999
-999
-999
-999
2.3444
2.31535
2.2756
2.26043
2.27959
2.30275
2.23807
-999
-999
-999
-999
-999
-999
-999
-999
-999
-999
-999
-999
-999
-999
-999
-999
-999
-999
-999
-999
-999
-999
-999
-999
-999
-999
-999
-999
-999
-999
-999
-999
-999
-999
-999
-999
-999
-999
-999
-999
-999
-999
-999
-999
-999
-999
-999
-999
-999
-999
-999
-999
-999
-999
-999
-999
-999
-999
-999
-999
-999
-999
-999
2.36886
2.35626
2.3265
2.31539
2.32796
2.16692
1.98435
-999
-999
-999
-999
-999
-999
-999
-999
-999
-999
-999
-999
-999
-999
-999
-999
-999
-999
-999
-999
-999
-999
-999
-999
-999
-999
-999
-999
-999
-999
-999
-999
-999
-999
-999
-999
-999
-999
-999
-999
-999
-999
-999
-999
-999
-999
-999
-999
-999
-999
-999
-999
-999
-999
-999
-999
-999
-999
-999
-999
-999
-999
-999
2.00557
2.02572
2.04105
2.04255
2.02816
2.00784
-999
-999
-999
-999
-999
-999
-999
-999
-999
-999
-999
-999
-999
-999
-999
-999
-999
-999
-999
-999
-999
-999
-999
-999
-999
-999
-999
-999
-999
-999
-999
-999
-999
-999
-999
-999
-999
-999
-999
-999
-999
-999
-999
-999
-999
-999
-999
-999
-999
-999
-999
-999
-999
-999
-999
-999
-999
-999
-999
-999
-999
-999
-999
-999
-999
-999
2.07668
2.0802
-999
-999
-999
-999
-999
-999
-999
-999
-999
-999
-999
-999
-999
-999
-999
-999
-999
-999
-999
-999
-999
-999
-999
-999
-999
-999
-999
-999
-999
-999
-999
-999
-999
-999
-999
-999
-999
-999
-999
-999
-999
-999
-999
-999
-999
-999
-999
-999
-999
-999
-999
-999
-999
-999
-999
-999
-999
-999
-999
-999
-999
-999
-999
-999
-999
-999
-999
-999
-999
-999
-999
-999
-999
-999
-999
-999
-999
-999
-999
-999
-999
-999
-999
-999
-999
-999
-999
-999
-999
-999
-999
-999
-999
-999
-999
-999
-999
-999
-999
-999
-999
-999
-999
-999
-999
-999
-999
-999
-999
-999
-999
-999
-999
-999
-999
-999
-999
-999
-999
-999
-999
-999
-999
-999
-999
-999
-999
-999
-999
-999
-999
-999
-999
-999
-999
-999
-999
-999
-999
-999
-999
-999
-999
-999
-999
-999
-999
-999
-999
-999
-999
-999
-999
-999
-999
-999
-999
-999
-999
-999
-999
-999
-999
-999
-999
-999
-999
-999
-999
-999
-999
-999
-999
-999
-999
-999
-999
-999
-999
-999
-999
-999
-999
-999
-999
-999
-999
-999
-999
-999
-999
-999
-999
-999
-999
-999
-999
-999
-999
-999
-999
-999
-999
-999
-999
-999
-999
-999
-999
-999
-999
-999
-999
-999
-999
-999
-999
-999
-999
-999
-999
-999
-999
-999
-999
-999
-999
-999
-999
-999
-999
-999
-999
-999
-999
-999
-999
-999
-999
-999
-999
-999
-999
-999
-999
-999
-999
-999
-999
-999
-999
-999
-999
-999
-999
-999
-999
-999
-999
-999
-999
-999
-999
-999
-999
-999
-999
-999
-999
-999
-999
-999
-999
-999
-999
-999
2.02242
2.03255
2.04421
-999
-999
-999
-999
-999
-999
-999
-999
-999
-999
-999
-999
-999
-999
-999
-999
-999
-999
-999
-999
-999
-999
-999
-999
-999
-999
-999
-999
-999
-999
-999
-999
-999
-999
-999
-999
-999
-999
-999
-999
-999
-999
-999
-999
-999
-999
-999
-999
-999
-999
-999
-999
-999
-999
-999
-999
-999
-999
-999
-999
-999
-999
-999
-999
-999
-999
-999
1.38111
1.75563
1.76932
2.02562
2.03268
-999
-999
-999
-999
-999
-999
-999
-999
-999
-999
-999
-999
-999
-999
-999
-999
-999
-999
-999
-999
-999
-999
-999
-999
-999
-999
-999
-999
-999
-999
-999
-999
-999
-999
-999
-999
-999
-999
-999
-999
-999
-999
-999
-999
-999
-999
-999
-999
-999
-999
-999
-999
-999
-999
-999
-999
-999
-999
-999
-999
-999
-999
-999
-999
-999
1.38456
1.3868
1.38139
1.37355
1.36751
-999
-999
-999
-999
-999
-999
-999
-999
-999
-999
-999
-999
-999
-999
-999
-999
-999
-999
-999
-999
-999
-999
-999
-999
-999
-999
-999
-999
-999
-999
-999
-999
-999
-999
-999
-999
-999
-999
-999
-999
-999
-999
-999
-999
-999
-999
-999
-999
-999
-999
-999
-999
-999
-999
-999
-999
-999
-999
-999
-999
-999
-999
-999
-999
-999
1.38706
1.3922
1.38211
1.37123
1.3649
1.36146
-999
-999
-999
-999
-999
-999
-999
-999
-999
-999
-999
-999
-999
-999
-999
-999
-999
-999
-999
-999
-999
-999
-999
-999
-999
-999
-999
-999
-999
-999
-999
-999
-999
-999
-999
-999
-999
-999
-999
-999
-999
-999
-999
-999
-999
-999
-999
-999
-999
-999
-999
-999
-999
-999
-999
-999
-999
-999
-999
-999
-999
-999
-999
-999
1.48411
1.56917
1.64094
1.6834
1.64915
1.35847
-999
-999
-999
-999
-999
-999
-999
-999
-999
-999
-999
-999
-999
-999
-999
-999
-999
-999
-999
-999
-999
-999
-999
-999
-999
-999
-999
-999
-999
-999
-999
-999
-999
-999
-999
-999
-999
-999
-999
-999
-999
-999
-999
-999
-999
-999
-999
-999
-999
-999
-999
-999
-999
-999
-999
-999
-999
-999
-999
-999
-999
-999
-999
-999
1.66603
1.65094
1.72145
1.84555
1.88417
1.92834
1.61866
-999
-999
-999
-999
-999
-999
-999
-999
-999
-999
-999
-999
-999
-999
-999
-999
-999
-999
-999
-999
-999
-999
-999
-999
-999
-999
-999
-999
-999
-999
-999
-999
-999
-999
-999
-999
-999
-999
-999
-999
-999
-999
-999
-999
-999
-999
-999
-999
-999
-999
-999
-999
-999
-999
-999
-999
-999
-999
-999
-999
-999
-999
-999
1.71969
1.64764
1.74945
1.88291
1.97056
2.04102
1.99127
2.36989
-999
-999
-999
-999
-999
-999
-999
-999
-999
-999
-999
-999
-999
-999
-999
-999
-999
-999
-999
-999
-999
-999
-999
-999
-999
-999
-999
-999
-999
-999
-999
-999
-999
-999
-999
-999
-999
-999
-999
-999
-999
-999
-999
-999
-999
-999
-999
-999
-999
-999
-999
-999
-999
-999
-999
-999
-999
-999
-999
-999
-999
-999
1.78514
1.77363
1.83313
1.93291
1.95349
2.18685
2.20155
2.17157
2.39436
-999
-999
-999
-999
-999
-999
-999
-999
-999
-999
-999
-999
-999
-999
-999
-999
-999
-999
-999
-999
-999
-999
-999
-999
-999
-999
-999
-999
-999
-999
-999
-999
-999
-999
-999
-999
-999
-999
-999
-999
-999
-999
-999
-999
-999
-999
-999
-999
-999
-999
-999
-999
-999
-999
-999
-999
-999
-999
-999
-999
-999
1.85667
1.88772
2.09128
2.16125
2.12811
2.19593
2.19103
2.18839
2.22439
2.39502
-999
-999
-999
-999
-999
-999
-999
-999
-999
-999
-999
-999
-999
-999
-999
-999
-999
-999
-999
-999
-999
-999
-999
-999
-999
-999
-999
-999
-999
-999
-999
-999
-999
-999
-999
-999
-999
-999
-999
-999
-999
-999
-999
-999
-999
-999
-999
-999
-999
-999
-999
-999
-999
-999
-999
-999
-999
-999
-999
-999
2.15666
2.15614
2.16916
2.21439
2.18295
2.20783
2.22875
2.22707
2.03905
2.06233
2.01256
-999
-999
-999
-999
-999
-999
-999
-999
-999
-999
-999
-999
-999
-999
-999
-999
-999
-999
-999
-999
-999
-999
-999
-999
-999
-999
-999
-999
-999
-999
-999
-999
-999
-999
-999
-999
-999
-999
-999
-999
-999
-999
-999
-999
-999
-999
-999
-999
-999
-999
-999
-999
-999
-999
-999
-999
-999
-999
-999
2.17435
2.19044
2.2871
2.17989
2.14643
2.24171
2.27875
2.11823
2.0268
2.21734
2.20427
2.09194
-999
-999
-999
-999
-999
-999
-999
-999
-999
-999
-999
-999
-999
-999
-999
-999
-999
-999
-999
-999
-999
-999
-999
-999
-999
-999
-999
-999
-999
-999
-999
-999
-999
-999
-999
-999
-999
-999
-999
-999
-999
-999
-999
-999
-999
-999
-999
-999
-999
-999
-999
-999
-999
-999
-999
-999
-999
-999
2.18749
2.26329
2.20032
2.17053
2.13148
2.22558
2.2708
2.19869
2.13385
2.14887
2.10998
1.99498
2.00195
-999
-999
-999
-999
-999
-999
-999
-999
-999
-999
-999
-999
-999
-999
-999
-999
-999
-999
-999
-999
-999
-999
-999
-999
-999
-999
-999
-999
-999
-999
-999
-999
-999
-999
-999
-999
-999
-999
-999
-999
-999
-999
-999
-999
-999
-999
-999
-999
-999
-999
-999
-999
-999
-999
-999
-999
-999
2.12559
2.17054
2.16246
2.19866
2.17265
2.20656
2.13868
2.16165
2.13276
2.21693
2.09113
1.94842
1.93743
2.00197
1.80781
1.79041
1.8697
-999
-999
-999
-999
-999
-999
-999
-999
-999
-999
-999
-999
-999
-999
-999
-999
-999
-999
-999
-999
-999
-999
-999
-999
-999
-999
-999
-999
-999
-999
-999
-999
-999
-999
-999
-999
-999
-999
-999
-999
-999
-999
-999
-999
-999
-999
-999
-999
-999
-999
-999
-999
-999
2.11194
2.15424
2.17941
2.20602
2.19628
2.21159
2.18387
2.15274
2.15687
2.16048
1.97455
1.96676
1.98392
1.96748
1.9624
1.99856
1.87575
1.88251
-999
-999
-999
-999
-999
-999
-999
-999
-999
-999
-999
-999
-999
-999
-999
-999
-999
-999
-999
-999
-999
-999
-999
-999
-999
-999
-999
-999
-999
-999
-999
-999
-999
-999
-999
-999
-999
-999
-999
-999
-999
-999
-999
-999
-999
-999
-999
-999
-999
-999
-999
-999
2.32977
2.09404
2.22677
2.21472
2.20702
2.27924
2.07147
2.17523
2.22074
2.13497
2.06848
2.08731
2.07145
2.08176
2.10673
2.10398
2.27211
2.10287
2.11022
-999
-999
-999
-999
-999
-999
-999
-999
-999
-999
-999
-999
-999
-999
-999
-999
-999
-999
-999
-999
-999
-999
-999
-999
-999
-999
-999
-999
-999
-999
-999
-999
-999
-999
-999
-999
-999
-999
-999
-999
-999
-999
-999
-999
-999
-999
-999
-999
-999
-999
-999
-999
-999
-999
-999
1.88474
2.21815
2.2448
2.23564
2.14184
2.13983
2.19478
2.14051
2.10028
2.08282
2.07503
2.13043
2.08321
2.15786
2.12153
2.36327
-999
-999
-999
-999
-999
-999
-999
-999
-999
-999
-999
-999
-999
-999
-999
-999
-999
-999
-999
-999
-999
-999
-999
-999
-999
-999
-999
-999
-999
-999
-999
-999
-999
-999
-999
-999
-999
-999
-999
-999
-999
-999
-999
-999
-999
-999
-999
-999
-999
-999
-999
-999
-999
-999
-999
-999
2.31419
2.12497
2.14535
2.12969
2.20886
2.21339
2.11651
2.14803
2.1041
2.15212
2.09283
2.13852
2.17233
2.29175
2.17435
-999
-999
-999
-999
-999
-999
-999
-999
-999
-999
-999
-999
-999
-999
-999
-999
-999
-999
-999
-999
-999
-999
-999
-999
-999
-999
-999
-999
-999
-999
-999
-999
-999
-999
-999
-999
-999
-999
-999
-999
-999
-999
-999
-999
-999
-999
-999
-999
-999
-999
-999
-999
-999
-999
-999
2.31064
2.12273
2.1378
2.21611
2.21136
2.17169
2.16936
2.19105
2.19956
2.16244
2.12505
2.13757
1.97597
1.90499
2.02357
1.85103
-999
-999
-999
-999
-999
-999
-999
-999
-999
-999
-999
-999
-999
-999
-999
-999
-999
-999
-999
-999
-999
-999
-999
-999
-999
-999
-999
-999
-999
-999
-999
-999
-999
-999
-999
-999
-999
-999
-999
-999
-999
-999
-999
-999
-999
-999
-999
-999
-999
-999
-999
-999
-999
-999
-999
2.24116
2.23785
2.21201
2.19432
2.21311
2.16772
2.28835
2.2764
2.20669
2.12086
2.01515
2.08781
1.99825
2.14161
2.13427
2.19192
2.15343
2.05354
-999
-999
-999
-999
-999
-999
-999
-999
-999
-999
-999
-999
-999
-999
-999
-999
-999
-999
-999
-999
-999
-999
-999
-999
-999
-999
-999
-999
-999
-999
-999
-999
-999
-999
-999
-999
-999
-999
-999
-999
-999
-999
-999
-999
-999
-999
-999
-999
-999
-999
-999
-999
2.12669
2.22413
2.33314
2.24569
2.12341
2.20434
2.27255
2.2417
2.09464
2.02158
2.07043
2.04198
1.97087
2.10297
2.1255
2.16324
2.31833
2.37604
2.29433
2.26277
-999
-999
-999
-999
-999
-999
-999
-999
-999
-999
-999
-999
-999
-999
-999
-999
-999
-999
-999
-999
-999
-999
-999
-999
-999
-999
-999
-999
-999
-999
-999
-999
-999
-999
-999
-999
-999
-999
-999
-999
-999
-999
-999
-999
-999
-999
-999
-999
-999
-999
-999
2.15615
2.27138
2.21921
2.176
2.19508
2.15714
2.12589
2.04326
2.02585
2.04047
1.99914
1.97964
2.01625
2.10931
2.22697
2.33244
2.33621
2.38248
2.41948
2.04245
1.884
1.7238
-999
-999
-999
-999
-999
-999
-999
-999
-999
-999
-999
-999
-999
-999
-999
-999
-999
-999
-999
-999
-999
-999
-999
-999
-999
-999
-999
-999
-999
-999
-999
-999
-999
-999
-999
-999
-999
-999
-999
-999
-999
-999
-999
-999
-999
-999
-999
-999
-999
-999
2.15664
2.18703
2.20853
2.11814
2.06987
2.03638
1.96395
1.98324
2.00484
1.94854
1.98268
2.14979
2.36235
2.36544
2.33598
2.37556
2.43885
2.0217
1.9744
1.72691
1.67427
-999
-999
-999
-999
-999
-999
-999
-999
-999
-999
-999
-999
-999
-999
-999
-999
-999
-999
-999
-999
-999
-999
-999
-999
-999
-999
-999
-999
-999
-999
-999
-999
-999
-999
-999
-999
-999
-999
-999
-999
-999
-999
-999
-999
-999
-999
-999
-999
-999
-999
2.24638
2.23157
2.22949
2.17419
1.98919
1.93198
1.91832
2.01859
1.96683
2.03834
2.37105
2.46057
2.37387
2.41412
2.42423
2.40543
2.02132
2.0128
1.90255
1.75456
-999
-999
-999
-999
-999
-999
-999
-999
-999
-999
-999
-999
-999
-999
-999
-999
-999
-999
-999
-999
-999
-999
-999
-999
-999
-999
-999
-999
-999
-999
-999
-999
-999
-999
-999
-999
-999
-999
-999
-999
-999
-999
-999
-999
-999
-999
-999
-999
-999
-999
2.06143
2.08079
2.18032
2.15773
1.91963
1.83559
1.86462
1.90015
1.82563
2.04602
2.70641
2.52287
2.46142
2.42633
2.41268
2.29636
2.13052
1.96952
1.8512
1.85393
1.79115
1.70041
1.74877
2.15514
-999
-999
-999
-999
-999
-999
-999
-999
-999
-999
-999
-999
-999
-999
-999
-999
-999
-999
-999
-999
-999
-999
-999
-999
-999
-999
-999
-999
-999
-999
-999
-999
-999
-999
-999
-999
-999
-999
-999
-999
-999
-999
-999
-999
-999
-999
-999
-999
1.90796
1.79291
1.8163
1.87647
1.95614
1.85242
1.93539
2.0571
2.48906
2.40713
2.46697
2.50025
2.36807
2.27176
2.11627
1.9736
1.78929
1.7639
1.84023
1.97886
1.95936
2.1172
2.50422
2.69519
-999
-999
-999
-999
-999
-999
-999
-999
-999
-999
-999
-999
-999
-999
-999
-999
-999
-999
-999
-999
-999
-999
-999
-999
-999
-999
-999
-999
-999
-999
-999
-999
-999
-999
-999
-999
-999
-999
-999
-999
-999
-999
-999
-999
-999
-999
-999
-999
2.04958
1.84134
1.95447
1.93568
1.92345
2.06389
2.20377
2.1309
2.42928
2.41178
2.27625
2.33086
2.32473
2.03784
1.78339
1.83046
1.97488
2.13541
2.19558
2.18089
2.54235
2.59194
2.73025
-999
-999
-999
-999
-999
-999
-999
-999
-999
-999
-999
-999
-999
-999
-999
-999
-999
-999
-999
-999
-999
-999
-999
-999
-999
-999
-999
-999
-999
-999
-999
-999
-999
-999
-999
-999
-999
-999
-999
-999
-999
-999
-999
-999
-999
-999
-999
-999
1.46272
1.99807
1.84825
1.99197
1.99731
2.08031
2.05707
2.28086
2.1918
2.24279
2.51981
2.40147
2.15233
1.94459
1.98171
2.08046
2.17347
2.28826
2.52141
2.77551
2.78473
2.89238
2.8798
3.00786
-999
-999
-999
-999
-999
-999
-999
-999
-999
-999
-999
-999
-999
-999
-999
-999
-999
-999
-999
-999
-999
-999
-999
-999
-999
-999
-999
-999
-999
-999
-999
-999
-999
-999
-999
-999
-999
-999
-999
-999
-999
-999
-999
-999
-999
-999
-999
1.82968
1.97715
1.95349
2.10341
1.98691
2.03648
2.23544
2.22584
2.3564
2.4798
2.421
2.36086
2.13922
2.15446
2.14788
2.32959
2.45064
2.60068
2.89998
2.85131
2.91417
2.90187
2.95968
3.03573
-999
-999
-999
-999
-999
-999
-999
-999
-999
-999
-999
-999
-999
-999
-999
-999
-999
-999
-999
-999
-999
-999
-999
-999
-999
-999
-999
-999
-999
-999
-999
-999
-999
-999
-999
-999
-999
-999
-999
-999
-999
-999
-999
-999
-999
-999
-999
1.89001
1.94085
2.0509
1.9932
2.05775
2.15154
2.29959
2.37695
2.46547
2.51436
2.44667
2.45239
2.37652
2.298
2.4704
2.58197
2.70678
2.95407
2.97591
2.96787
2.93238
2.97187
3.00732
3.01972
-999
-999
-999
-999
-999
-999
-999
-999
-999
-999
-999
-999
-999
-999
-999
-999
-999
-999
-999
-999
-999
-999
-999
-999
-999
-999
-999
-999
-999
-999
-999
-999
-999
-999
-999
-999
-999
-999
-999
-999
-999
-999
-999
-999
-999
-999
-999
1.82388
2.01935
2.02241
1.98953
2.22544
2.37316
2.36267
2.43189
2.55048
2.54392
2.57458
2.58476
2.58857
2.66868
2.77707
2.83569
3.01942
3.11248
3.09482
2.98364
2.92069
2.93194
3.00465
-999
-999
-999
-999
-999
-999
-999
-999
-999
-999
-999
-999
-999
-999
-999
-999
-999
-999
-999
-999
-999
-999
-999
-999
-999
-999
-999
-999
-999
-999
-999
-999
-999
-999
-999
-999
-999
-999
-999
-999
-999
-999
-999
-999
-999
-999
-999
-999
-999
2.06718
2.1013
2.31144
2.38152
2.3662
2.53529
2.52688
2.58245
2.6371
2.67453
2.75329
2.84211
2.91776
2.93823
3.0811
3.20326
3.17707
2.90646
2.84581
2.88766
3.00366
2.54181
-999
-999
-999
-999
-999
-999
-999
-999
-999
-999
-999
-999
-999
-999
-999
-999
-999
-999
-999
-999
-999
-999
-999
-999
-999
-999
-999
-999
-999
-999
-999
-999
-999
-999
-999
-999
-999
-999
-999
-999
-999
-999
-999
-999
-999
-999
-999
-999
-999
-999
-999
2.31868
2.40514
2.55172
2.57155
2.63525
2.65335
2.68878
2.7539
2.85835
2.86141
2.91988
3.05413
3.17427
3.11962
2.89463
2.84302
2.87132
3.00244
2.5431
-999
-999
-999
-999
-999
-999
-999
-999
-999
-999
-999
-999
-999
-999
-999
-999
-999
-999
-999
-999
-999
-999
-999
-999
-999
-999
-999
-999
-999
-999
-999
-999
-999
-999
-999
-999
-999
-999
-999
-999
-999
-999
-999
-999
-999
-999
-999
-999
-999
-999
-999
-999
-999
2.84408
2.79312
2.66201
2.69177
2.74149
2.81323
2.82001
2.80181
2.83794
2.99912
3.0757
3.03417
2.91892
2.86343
2.85806
2.89151
2.73852
-999
-999
-999
-999
-999
-999
-999
-999
-999
-999
-999
-999
-999
-999
-999
-999
-999
-999
-999
-999
-999
-999
-999
-999
-999
-999
-999
-999
-999
-999
-999
-999
-999
-999
-999
-999
-999
-999
-999
-999
-999
-999
-999
-999
-999
-999
-999
-999
-999
-999
-999
-999
-999
-999
2.74335
2.7909
2.80878
2.77802
2.85267
2.80214
2.78347
2.80742
2.89685
2.9376
2.9001
2.90135
2.87145
2.867
2.8185
2.68044
-999
-999
-999
-999
-999
-999
-999
-999
-999
-999
-999
-999
-999
-999
-999
-999
-999
-999
-999
-999
-999
-999
-999
-999
-999
-999
-999
-999
-999
-999
-999
-999
-999
-999
-999
-999
-999
-999
-999
-999
-999
-999
-999
-999
-999
-999
-999
-999
-999
-999
-999
-999
-999
-999
-999
2.60472
2.9047
2.87048
2.82293
2.79614
2.78728
2.81247
2.85833
2.85931
2.76936
2.66869
2.67162
2.5887
2.49711
-999
-999
-999
-999
-999
-999
-999
-999
-999
-999
-999
-999
-999
-999
-999
-999
-999
-999
-999
-999
-999
-999
-999
-999
-999
-999
-999
-999
-999
-999
-999
-999
-999
-999
-999
-999
-999
-999
-999
-999
-999
-999
-999
-999
-999
-999
-999
-999
-999
-999
-999
-999
-999
-999
-999
-999
-999
2.60521
2.48891
2.70737
2.75147
2.79726
2.82168
2.69576
2.69934
2.65297
2.60916
2.53913
2.48307
2.54522
-999
-999
-999
-999
-999
-999
-999
-999
-999
-999
-999
-999
-999
-999
-999
-999
-999
-999
-999
-999
-999
-999
-999
-999
-999
-999
-999
-999
-999
-999
-999
-999
-999
-999
-999
-999
-999
-999
-999
-999
-999
-999
-999
-999
-999
-999
-999
-999
-999
-999
-999
-999
-999
-999
-999
-999
-999
-999
-999
2.68882
2.66487
2.53463
2.61936
2.62608
2.61962
2.55472
2.52694
2.48493
2.50514
2.3889
2.06297
-999
-999
-999
-999
-999
-999
-999
-999
-999
-999
-999
-999
-999
-999
-999
-999
-999
-999
-999
-999
-999
-999
-999
-999
-999
-999
-999
-999
-999
-999
-999
-999
-999
-999
-999
-999
-999
-999
-999
-999
-999
-999
-999
-999
-999
-999
-999
-999
-999
-999
-999
-999
-999
-999
-999
-999
-999
-999
-999
2.7158
2.53259
2.54379
2.53483
2.52415
2.46844
2.3316
2.28854
2.2443
2.18953
1.92735
-999
-999
-999
-999
-999
-999
-999
-999
-999
-999
-999
-999
-999
-999
-999
-999
-999
-999
-999
-999
-999
-999
-999
-999
-999
-999
-999
-999
-999
-999
-999
-999
-999
-999
-999
-999
-999
-999
-999
-999
-999
-999
-999
-999
-999
-999
-999
-999
-999
-999
-999
-999
-999
-999
-999
-999
-999
-999
-999
-999
2.40338
2.60218
2.56537
2.43615
2.31141
2.21976
2.18343
2.09479
1.95211
1.92111
2.08181
-999
-999
-999
-999
-999
-999
-999
-999
-999
-999
-999
-999
-999
-999
-999
-999
-999
-999
-999
-999
-999
-999
-999
-999
-999
-999
-999
-999
-999
-999
-999
-999
-999
-999
-999
-999
-999
-999
-999
-999
-999
-999
-999
-999
-999
-999
-999
-999
-999
-999
-999
-999
-999
-999
-999
-999
-999
-999
-999
2.39648
2.39087
2.38181
2.30556
2.2234
2.19694
2.14218
1.99413
1.9261
1.89621
1.87624
1.36784
-999
-999
-999
-999
-999
-999
-999
-999
-999
-999
-999
-999
-999
-999
-999
-999
-999
-999
-999
-999
-999
-999
-999
-999
-999
-999
-999
-999
-999
-999
-999
-999
-999
-999
-999
-999
-999
-999
-999
-999
-999
-999
-999
-999
-999
-999
-999
-999
-999
-999
-999
-999
-999
-999
-999
-999
-999
-999
-999
2.18837
2.42961
2.20413
2.19351
2.16781
2.06318
1.96504
1.88155
1.90895
1.87316
1.80901
1.69503
-999
-999
-999
-999
-999
-999
-999
-999
-999
-999
-999
-999
-999
-999
-999
-999
-999
-999
-999
-999
-999
-999
-999
-999
-999
-999
-999
-999
-999
-999
-999
-999
-999
-999
-999
-999
-999
-999
-999
-999
-999
-999
-999
-999
-999
-999
-999
-999
-999
-999
-999
-999
-999
-999
-999
-999
-999
-999
-999
2.30364
2.04597
2.06124
2.06275
2.04336
1.92169
1.84669
1.96072
2.02963
2.10663
1.88258
-999
-999
-999
-999
-999
-999
-999
-999
-999
-999
-999
-999
-999
-999
-999
-999
-999
-999
-999
-999
-999
-999
-999
-999
-999
-999
-999
-999
-999
-999
-999
-999
-999
-999
-999
-999
-999
-999
-999
-999
-999
-999
-999
-999
-999
-999
-999
-999
-999
-999
-999
-999
-999
-999
-999
-999
-999
-999
-999
2.45756
2.02611
2.0309
2.0216
1.97035
1.85448
1.8276
1.89082
1.97927
1.96382
1.99701
2.27494
2.14739
-999
-999
-999
-999
-999
-999
-999
-999
-999
-999
-999
-999
-999
-999
-999
-999
-999
-999
-999
-999
-999
-999
-999
-999
-999
-999
-999
-999
-999
-999
-999
-999
-999
-999
-999
-999
-999
-999
-999
-999
-999
-999
-999
-999
-999
-999
-999
-999
-999
-999
-999
-999
-999
-999
-999
-999
-999
-999
2.03577
2.05975
2.0292
1.91782
1.78968
1.78613
1.89759
1.93838
2.13925
2.2115
2.21769
2.30431
-999
-999
-999
-999
-999
-999
-999
-999
-999
-999
-999
-999
-999
-999
-999
-999
-999
-999
-999
-999
-999
-999
-999
-999
-999
-999
-999
-999
-999
-999
-999
-999
-999
-999
-999
-999
-999
-999
-999
-999
-999
-999
-999
-999
-999
-999
-999
-999
-999
-999
-999
-999
-999
-999
-999
-999
-999
-999
1.95421
1.81823
1.75654
1.85635
1.80188
1.79778
1.84133
2.10804
2.17677
2.23875
2.10364
2.07996
2.16459
-999
-999
-999
-999
-999
-999
-999
-999
-999
-999
-999
-999
-999
-999
-999
-999
-999
-999
-999
-999
-999
-999
-999
-999
-999
-999
-999
-999
-999
-999
-999
-999
-999
-999
-999
-999
-999
-999
-999
-999
-999
-999
-999
-999
-999
-999
-999
-999
-999
-999
-999
-999
-999
-999
-999
-999
-999
-999
1.94181
1.76934
1.8267
1.85142
1.69254
1.89187
2.16938
2.30155
2.15041
2.08675
2.06335
2.20319
1.87994
-999
-999
-999
-999
-999
-999
-999
-999
-999
-999
-999
-999
-999
-999
-999
-999
-999
-999
-999
-999
-999
-999
-999
-999
-999
-999
-999
-999
-999
-999
-999
-999
-999
-999
-999
-999
-999
-999
-999
-999
-999
-999
-999
-999
-999
-999
-999
-999
-999
-999
-999
-999
-999
-999
-999
-999
-999
-999
1.78178
1.70145
1.94453
1.89783
1.82322
2.14979
2.34461
2.1203
2.04975
2.14573
2.10806
1.99614
2.07083
2.06434
-999
-999
-999
-999
-999
-999
-999
-999
-999
-999
-999
-999
-999
-999
-999
-999
-999
-999
-999
-999
-999
-999
-999
-999
-999
-999
-999
-999
-999
-999
-999
-999
-999
-999
-999
-999
-999
-999
-999
-999
-999
-999
-999
-999
-999
-999
-999
-999
-999
-999
-999
-999
-999
-999
-999
-999
1.81665
1.83384
1.82352
1.85992
1.87906
2.04662
2.22406
2.06264
1.99362
2.10351
2.0228
2.01664
1.90358
2.06002
2.05738
-999
-999
-999
-999
-999
-999
-999
-999
-999
-999
-999
-999
-999
-999
-999
-999
-999
-999
-999
-999
-999
-999
-999
-999
-999
-999
-999
-999
-999
-999
-999
-999
-999
-999
-999
-999
-999
-999
-999
-999
-999
-999
-999
-999
-999
-999
-999
-999
-999
-999
-999
-999
-999
-999
-999
1.62382
1.75353
1.75639
1.81745
1.84905
2.00802
1.92122
1.81142
1.8355
1.94353
1.98313
1.94158
1.91589
2.05363
2.05277
-999
-999
-999
-999
-999
-999
-999
-999
-999
-999
-999
-999
-999
-999
-999
-999
-999
-999
-999
-999
-999
-999
-999
-999
-999
-999
-999
-999
-999
-999
-999
-999
-999
-999
-999
-999
-999
-999
-999
-999
-999
-999
-999
-999
-999
-999
-999
-999
-999
-999
-999
-999
-999
-999
-999
-999
1.79465
1.76422
1.87579
1.91305
1.83261
1.82198
1.68216
1.85978
1.91065
1.99808
1.94462
2.04607
2.04272
2.04787
2.05116
-999
-999
-999
-999
-999
-999
-999
-999
-999
-999
-999
-999
-999
-999
-999
-999
-999
-999
-999
-999
-999
-999
-999
-999
-999
-999
-999
-999
-999
-999
-999
-999
-999
-999
-999
-999
-999
-999
-999
-999
-999
-999
-999
-999
-999
-999
-999
-999
-999
-999
-999
-999
-999
-999
-999
1.79687
1.97284
1.85476
1.80331
1.74618
1.87727
1.90997
1.98923
2.0477
2.02246
1.97866
1.98084
2.03505
2.04377
2.04873
-999
-999
-999
-999
-999
-999
-999
-999
-999
-999
-999
-999
-999
-999
-999
-999
-999
-999
-999
-999
-999
-999
-999
-999
-999
-999
-999
-999
-999
-999
-999
-999
-999
-999
-999
-999
-999
-999
-999
-999
-999
-999
-999
-999
-999
-999
-999
-999
-999
-999
-999
-999
-999
-999
-999
1.62316
1.85793
1.86945
1.92386
1.85302
2.02632
1.95833
1.97893
2.04342
2.04756
2.01297
2.02257
2.03149
2.04165
2.04738
-999
-999
-999
-999
-999
-999
-999
-999
-999
-999
-999
-999
-999
-999
-999
-999
-999
-999
-999
-999
-999
-999
-999
-999
-999
-999
-999
-999
-999
-999
-999
-999
-999
-999
-999
-999
-999
-999
-999
-999
-999
-999
-999
-999
-999
-999
-999
-999
-999
-999
-999
-999
-999
-999
-999
-999
1.8465
1.93776
1.84837
1.89011
2.01244
1.98149
1.98954
2.03837
2.03515
2.00284
2.02919
2.03292
2.04188
-999
-999
-999
-999
-999
-999
-999
-999
-999
-999
-999
-999
-999
-999
-999
-999
-999
-999
-999
-999
-999
-999
-999
-999
-999
-999
-999
-999
-999
-999
-999
-999
-999
-999
-999
-999
-999
-999
-999
-999
-999
-999
-999
-999
-999
-999
-999
-999
-999
-999
-999
-999
-999
-999
-999
-999
-999
1.92585
1.84535
1.86504
1.89842
2.00251
2.03256
1.9945
2.03667
2.03121
1.98255
2.03646
2.03992
-999
-999
-999
-999
-999
-999
-999
-999
-999
-999
-999
-999
-999
-999
-999
-999
-999
-999
-999
-999
-999
-999
-999
-999
-999
-999
-999
-999
-999
-999
-999
-999
-999
-999
-999
-999
-999
-999
-999
-999
-999
-999
-999
-999
-999
-999
-999
-999
-999
-999
-999
-999
-999
-999
-999
-999
-999
-999
-999
2.07251
1.87192
1.99949
1.99587
2.03324
1.99569
1.95105
2.06552
2.04808
2.04214
-999
-999
-999
-999
-999
-999
-999
-999
-999
-999
-999
-999
-999
-999
-999
-999
-999
-999
-999
-999
-999
-999
-999
-999
-999
-999
-999
-999
-999
-999
-999
-999
-999
-999
-999
-999
-999
-999
-999
-999
-999
-999
-999
-999
-999
-999
-999
-999
-999
-999
-999
-999
-999
-999
-999
-999
-999
-999
-999
-999
-999
2.16706
2.02304
2.01438
2.03285
2.01473
2.04571
1.94453
-999
-999
1.87636
-999
-999
-999
-999
-999
-999
-999
-999
-999
-999
-999
-999
-999
-999
-999
-999
-999
-999
-999
-999
-999
-999
-999
-999
-999
-999
-999
-999
-999
-999
-999
-999
-999
-999
-999
-999
-999
-999
-999
-999
-999
-999
-999
-999
-999
-999
-999
-999
-999
-999
-999
-999
-999
-999
-999
-999
-999
-999
-999
-999
-999
-999
-999
-999
-999
-999
-999
-999
-999
-999
-999
-999
-999
-999
-999
-999
-999
-999
-999
-999
-999
-999
-999
-999
-999
-999
-999
-999
-999
-999
-999
-999
-999
-999
-999
-999
-999
-999
-999
-999
-999
-999
-999
-999
-999
-999
-999
-999
-999
-999
-999
-999
-999
-999
-999
-999
-999
-999
-999
-999
-999
-999
-999
-999
-999
-999
-999
-999
-999
-999
-999
-999
-999
-999
-999
-999
-999
-999
-999
-999
-999
-999
-999
-999
-999
-999
-999
-999
-999
-999
-999
-999
-999
-999
-999
-999
-999
-999
-999
-999
-999
-999
-999
-999
-999
-999
-999
-999
-999
-999
-999
-999
-999
-999
-999
-999
-999
-999
-999
-999
-999
-999
-999
-999
-999
-999
-999
-999
-999
-999
-999
-999
-999
-999
-999
-999
-999
-999
-999
-999
-999
-999
-999
-999
-999
-999
2.3568
2.34622
2.32468
2.29154
2.27617
-999
1.94446
1.93834
1.73816
-999
-999
-999
-999
-999
-999
-999
-999
-999
-999
-999
-999
-999
-999
-999
-999
-999
-999
-999
-999
-999
-999
-999
-999
-999
-999
-999
-999
-999
-999
-999
-999
-999
-999
-999
-999
-999
-999
-999
-999
-999
-999
-999
-999
-999
-999
-999
-999
-999
-999
-999
-999
-999
-999
-999
-999
-999
-999
-999
-999
2.59276
2.36919
2.36156
2.33922
2.29687
2.22368
2.19454
2.11012
1.93669
1.92999
1.92774
-999
-999
-999
-999
-999
-999
-999
-999
-999
-999
-999
-999
-999
-999
-999
-999
-999
-999
-999
-999
-999
-999
-999
-999
-999
-999
-999
-999
-999
-999
-999
-999
-999
-999
-999
-999
-999
-999
-999
-999
-999
-999
-999
-999
-999
-999
-999
-999
-999
-999
-999
-999
-999
-999
-999
-999
-999
-999
2.59169
2.59138
2.38396
2.38294
2.46227
2.31626
2.24286
2.20751
2.19687
2.10044
2.09472
1.92343
1.93338
-999
-999
-999
-999
-999
-999
-999
-999
-999
-999
-999
-999
-999
-999
-999
-999
-999
-999
-999
-999
-999
-999
-999
-999
-999
-999
-999
-999
-999
-999
-999
-999
-999
-999
-999
-999
-999
-999
-999
-999
-999
-999
-999
-999
-999
-999
-999
-999
-999
-999
-999
-999
-999
-999
-999
-999
-999
2.59073
2.58983
2.39899
2.49929
2.47443
2.36592
2.30533
2.25604
2.20252
2.22052
2.25669
2.30536
2.3262
1.8678
1.62651
1.61194
-999
-999
-999
-999
-999
-999
-999
-999
-999
-999
-999
-999
-999
-999
-999
-999
-999
-999
-999
-999
-999
-999
-999
-999
-999
-999
-999
-999
-999
-999
-999
-999
-999
-999
-999
-999
-999
-999
-999
-999
-999
-999
-999
-999
-999
-999
-999
-999
-999
-999
-999
-999
-999
-999
2.58996
2.58847
2.41062
2.51682
2.46151
2.41851
2.3699
2.35702
2.30317
2.26763
2.31867
2.39886
2.0789
2.02637
1.96052
1.61123
1.59056
1.58566
-999
-999
-999
-999
-999
-999
-999
-999
-999
-999
-999
-999
-999
-999
-999
-999
-999
-999
-999
-999
-999
-999
-999
-999
-999
-999
-999
-999
-999
-999
-999
-999
-999
-999
-999
-999
-999
-999
-999
-999
-999
-999
-999
-999
-999
-999
-999
-999
-999
-999
-999
-999
2.58955
2.58777
2.58549
2.52969
2.47442
2.44937
2.46565
2.48254
2.3781
2.273
2.36399
2.37924
2.27939
2.12148
2.11287
1.97432
1.58082
1.57829
1.59084
-999
-999
-999
-999
-999
-999
-999
-999
-999
-999
-999
-999
-999
-999
-999
-999
-999
-999
-999
-999
-999
-999
-999
-999
-999
-999
-999
-999
-999
-999
-999
-999
-999
-999
-999
-999
-999
-999
-999
-999
-999
-999
-999
-999
-999
-999
-999
-999
-999
-999
-999
2.58958
2.58795
2.58623
2.6648
2.4571
2.50681
2.54584
2.56072
2.47623
2.44093
2.42965
2.49483
2.37604
2.29345
2.23393
2.09205
1.91294
1.94287
1.91566
-999
-999
-999
-999
-999
-999
-999
-999
-999
-999
-999
-999
-999
-999
-999
-999
-999
-999
-999
-999
-999
-999
-999
-999
-999
-999
-999
-999
-999
-999
-999
-999
-999
-999
-999
-999
-999
-999
-999
-999
-999
-999
-999
-999
-999
-999
-999
-999
-999
-999
-999
2.58999
2.58876
2.58793
2.6783
2.64475
2.56334
2.6198
2.62109
2.58381
2.57918
2.56919
2.58168
2.47482
2.34688
2.27691
2.1718
2.07162
2.0138
2.0422
1.97232
-999
-999
-999
-999
-999
-999
-999
-999
-999
-999
-999
-999
-999
-999
-999
-999
-999
-999
-999
-999
-999
-999
-999
-999
-999
-999
-999
-999
-999
-999
-999
-999
-999
-999
-999
-999
-999
-999
-999
-999
-999
-999
-999
-999
-999
-999
-999
-999
-999
-999
-999
2.58983
2.5896
2.68889
2.70323
2.61335
2.62946
2.64132
2.66405
2.67831
2.66795
2.65027
2.54198
2.47847
2.32199
2.25145
2.22108
2.09802
1.78069
1.63935
1.60107
-999
-999
-999
-999
-999
-999
-999
-999
-999
-999
-999
-999
-999
-999
-999
-999
-999
-999
-999
-999
-999
-999
-999
-999
-999
-999
-999
-999
-999
-999
-999
-999
-999
-999
-999
-999
-999
-999
-999
-999
-999
-999
-999
-999
-999
-999
-999
-999
-999
-999
-999
-999
2.59203
2.70974
2.7602
2.71538
2.65449
2.70765
2.73492
2.73487
2.69696
2.70947
2.56028
2.44593
2.3708
2.15465
1.89755
1.70967
1.90124
2.14338
1.87908
-999
-999
-999
-999
-999
-999
-999
-999
-999
-999
-999
-999
-999
-999
-999
-999
-999
-999
-999
-999
-999
-999
-999
-999
-999
-999
-999
-999
-999
-999
-999
-999
-999
-999
-999
-999
-999
-999
-999
-999
-999
-999
-999
-999
-999
-999
-999
-999
-999
-999
-999
-999
-999
2.88417
2.84177
2.82944
2.8573
2.84124
2.77868
2.77808
2.76157
2.69477
2.44628
2.42973
2.21619
2.11176
2.07043
2.17298
2.25494
2.22133
2.10427
2.14129
-999
-999
-999
-999
-999
-999
-999
-999
-999
-999
-999
-999
-999
-999
-999
-999
-999
-999
-999
-999
-999
-999
-999
-999
-999
-999
-999
-999
-999
-999
-999
-999
-999
-999
-999
-999
-999
-999
-999
-999
-999
-999
-999
-999
-999
-999
-999
-999
-999
-999
-999
-999
2.86619
2.80848
2.84749
2.82782
2.83595
2.78596
2.78332
2.59957
2.5403
2.35774
2.30677
2.26947
2.17464
2.18597
2.1832
2.21933
2.43741
2.16595
-999
-999
-999
-999
-999
-999
-999
-999
-999
-999
-999
-999
-999
-999
-999
-999
-999
-999
-999
-999
-999
-999
-999
-999
-999
-999
-999
-999
-999
-999
-999
-999
-999
-999
-999
-999
-999
-999
-999
-999
-999
-999
-999
-999
-999
-999
-999
-999
-999
-999
-999
-999
2.86771
2.86829
2.86738
2.87475
2.83416
2.84109
2.77231
2.58917
2.44085
2.3442
2.28058
2.26375
2.2216
2.10255
2.08127
2.36768
2.42758
2.39778
-999
-999
-999
-999
-999
-999
-999
-999
-999
-999
-999
-999
-999
-999
-999
-999
-999
-999
-999
-999
-999
-999
-999
-999
-999
-999
-999
-999
-999
-999
-999
-999
-999
-999
-999
-999
-999
-999
-999
-999
-999
-999
-999
-999
-999
-999
-999
-999
-999
-999
-999
-999
-999
2.8698
2.9185
2.92445
2.93279
2.89852
2.88114
2.56072
2.45977
2.37459
2.2816
2.1791
2.2545
2.2489
2.36094
2.46968
2.44386
2.42821
-999
-999
-999
-999
-999
-999
-999
-999
-999
-999
-999
-999
-999
-999
-999
-999
-999
-999
-999
-999
-999
-999
-999
-999
-999
-999
-999
-999
-999
-999
-999
-999
-999
-999
-999
-999
-999
-999
-999
-999
-999
-999
-999
-999
-999
-999
-999
-999
-999
-999
-999
-999
-999
-999
-999
-999
-999
-999
2.36987
2.51893
2.41084
2.40763
2.179
2.1138
2.2774
2.45515
2.60391
2.61938
2.50954
2.45387
-999
-999
-999
-999
-999
-999
-999
-999
-999
-999
-999
-999
-999
-999
-999
-999
-999
-999
-999
-999
-999
-999
-999
-999
-999
-999
-999
-999
-999
-999
-999
-999
-999
-999
-999
-999
-999
-999
-999
-999
-999
-999
-999
-999
-999
-999
-999
-999
-999
-999
-999
-999
-999
-999
-999
-999
-999
-999
-999
2.41094
2.39126
2.29921
2.09492
2.19953
2.35626
2.66265
2.84316
2.77552
2.64913
2.60965
-999
-999
-999
-999
-999
-999
-999
-999
-999
-999
-999
-999
-999
-999
-999
-999
-999
-999
-999
-999
-999
-999
-999
-999
-999
-999
-999
-999
-999
-999
-999
-999
-999
-999
-999
-999
-999
-999
-999
-999
-999
-999
-999
-999
-999
-999
-999
-999
-999
-999
-999
-999
-999
-999
-999
-999
-999
-999
-999
2.0185
1.94069
2.20628
2.25363
2.27708
2.40215
2.63814
2.72167
2.72074
2.57289
2.56448
-999
-999
-999
-999
-999
-999
-999
-999
-999
-999
-999
-999
-999
-999
-999
-999
-999
-999
-999
-999
-999
-999
-999
-999
-999
-999
-999
-999
-999
-999
-999
-999
-999
-999
-999
-999
-999
-999
-999
-999
-999
-999
-999
-999
-999
-999
-999
-999
-999
-999
-999
-999
-999
-999
-999
-999
-999
-999
-999
-999
1.94458
2.15403
2.29935
2.32572
2.42263
2.51337
2.64627
2.64999
2.52496
2.54278
-999
-999
-999
-999
-999
-999
-999
-999
-999
-999
-999
-999
-999
-999
-999
-999
-999
-999
-999
-999
-999
-999
-999
-999
-999
-999
-999
-999
-999
-999
-999
-999
-999
-999
-999
-999
-999
-999
-999
-999
-999
-999
-999
-999
-999
-999
-999
-999
-999
-999
-999
-999
-999
-999
-999
-999
-999
-999
-999
-999
-999
2.05288
2.31891
2.36852
2.55088
2.48041
2.59337
2.62625
2.56021
2.53378
-999
-999
-999
-999
-999
-999
-999
-999
-999
-999
-999
-999
-999
-999
-999
-999
-999
-999
-999
-999
-999
-999
-999
-999
-999
-999
-999
-999
-999
-999
-999
-999
-999
-999
-999
-999
-999
-999
-999
-999
-999
-999
-999
-999
-999
-999
-999
-999
-999
-999
-999
-999
-999
-999
-999
-999
-999
-999
-999
-999
-999
-999
1.99221
2.56734
2.40636
2.45604
2.56216
2.62166
2.56359
2.55129
