sim_grid (70x105x1)
1
power10(E-type_SGS_Log_Cu_Reg)
3768.06396484 
1063.22338867 
3724.84277344 
2533.88476563 
6416.50195313 
5385.42041016 
3995.41650391 
-9966699 
-9966699 
-9966699 
-9966699 
-9966699 
-9966699 
-9966699 
-9966699 
-9966699 
-9966699 
-9966699 
-9966699 
-9966699 
-9966699 
-9966699 
-9966699 
-9966699 
-9966699 
-9966699 
-9966699 
-9966699 
-9966699 
-9966699 
-9966699 
-9966699 
-9966699 
-9966699 
-9966699 
-9966699 
-9966699 
-9966699 
-9966699 
-9966699 
-9966699 
-9966699 
-9966699 
-9966699 
-9966699 
-9966699 
-9966699 
-9966699 
-9966699 
-9966699 
-9966699 
-9966699 
-9966699 
-9966699 
-9966699 
-9966699 
-9966699 
-9966699 
-9966699 
-9966699 
-9966699 
-9966699 
-9966699 
-9966699 
-9966699 
-9966699 
-9966699 
-9966699 
-9966699 
-9966699 
4135.12011719 
3388.21386719 
23404.5839844 
3947.40258789 
5077.17480469 
3749.59179688 
3291.30200195 
-9966699 
-9966699 
-9966699 
-9966699 
-9966699 
-9966699 
-9966699 
-9966699 
-9966699 
-9966699 
-9966699 
-9966699 
-9966699 
-9966699 
-9966699 
-9966699 
-9966699 
-9966699 
-9966699 
-9966699 
-9966699 
-9966699 
-9966699 
-9966699 
-9966699 
-9966699 
-9966699 
-9966699 
-9966699 
-9966699 
-9966699 
-9966699 
-9966699 
-9966699 
-9966699 
-9966699 
-9966699 
-9966699 
-9966699 
-9966699 
-9966699 
-9966699 
-9966699 
-9966699 
-9966699 
-9966699 
-9966699 
-9966699 
-9966699 
-9966699 
-9966699 
-9966699 
-9966699 
-9966699 
-9966699 
-9966699 
-9966699 
-9966699 
-9966699 
-9966699 
-9966699 
-9966699 
-9966699 
2867.94628906 
128.659225464 
2.87305760384 
4846.17773438 
4361.57861328 
4682.97558594 
2917.19311523 
-9966699 
-9966699 
-9966699 
-9966699 
-9966699 
-9966699 
-9966699 
-9966699 
-9966699 
-9966699 
-9966699 
-9966699 
-9966699 
-9966699 
-9966699 
-9966699 
-9966699 
-9966699 
-9966699 
-9966699 
-9966699 
-9966699 
-9966699 
-9966699 
-9966699 
-9966699 
-9966699 
-9966699 
-9966699 
-9966699 
-9966699 
-9966699 
-9966699 
-9966699 
-9966699 
-9966699 
-9966699 
-9966699 
-9966699 
-9966699 
-9966699 
-9966699 
-9966699 
-9966699 
-9966699 
-9966699 
-9966699 
-9966699 
-9966699 
-9966699 
-9966699 
-9966699 
-9966699 
-9966699 
-9966699 
-9966699 
-9966699 
-9966699 
-9966699 
-9966699 
-9966699 
-9966699 
-9966699 
5114.6875 
5114.23046875 
4004.32080078 
5823.94433594 
5302.70410156 
4595.85546875 
5687.2734375 
-9966699 
-9966699 
-9966699 
-9966699 
-9966699 
-9966699 
-9966699 
-9966699 
-9966699 
-9966699 
-9966699 
-9966699 
-9966699 
-9966699 
-9966699 
-9966699 
-9966699 
-9966699 
-9966699 
-9966699 
-9966699 
-9966699 
-9966699 
-9966699 
-9966699 
-9966699 
-9966699 
-9966699 
-9966699 
-9966699 
-9966699 
-9966699 
-9966699 
-9966699 
-9966699 
-9966699 
-9966699 
-9966699 
-9966699 
-9966699 
-9966699 
-9966699 
-9966699 
-9966699 
-9966699 
-9966699 
-9966699 
-9966699 
-9966699 
-9966699 
-9966699 
-9966699 
-9966699 
-9966699 
-9966699 
-9966699 
-9966699 
-9966699 
-9966699 
-9966699 
-9966699 
-9966699 
-9966699 
4352.99023438 
6175.15869141 
6593.5078125 
5027.91992188 
3949.39306641 
5694.58837891 
3253.34887695 
-9966699 
-9966699 
-9966699 
-9966699 
-9966699 
-9966699 
-9966699 
-9966699 
-9966699 
-9966699 
-9966699 
-9966699 
-9966699 
-9966699 
-9966699 
-9966699 
-9966699 
-9966699 
-9966699 
-9966699 
-9966699 
-9966699 
-9966699 
-9966699 
-9966699 
-9966699 
-9966699 
-9966699 
-9966699 
-9966699 
-9966699 
-9966699 
-9966699 
-9966699 
-9966699 
-9966699 
-9966699 
-9966699 
-9966699 
-9966699 
-9966699 
-9966699 
-9966699 
-9966699 
-9966699 
-9966699 
-9966699 
-9966699 
-9966699 
-9966699 
-9966699 
-9966699 
-9966699 
-9966699 
-9966699 
-9966699 
-9966699 
-9966699 
-9966699 
-9966699 
-9966699 
-9966699 
-9966699 
5208.90332031 
3762.82299805 
4378.81396484 
5214.20410156 
4089.4831543 
5765.04199219 
-9966699 
-9966699 
-9966699 
-9966699 
-9966699 
-9966699 
-9966699 
-9966699 
-9966699 
-9966699 
-9966699 
-9966699 
-9966699 
-9966699 
-9966699 
-9966699 
-9966699 
-9966699 
-9966699 
-9966699 
-9966699 
-9966699 
-9966699 
-9966699 
-9966699 
-9966699 
-9966699 
-9966699 
-9966699 
-9966699 
-9966699 
-9966699 
-9966699 
-9966699 
-9966699 
-9966699 
-9966699 
-9966699 
-9966699 
-9966699 
-9966699 
-9966699 
-9966699 
-9966699 
-9966699 
-9966699 
-9966699 
-9966699 
-9966699 
-9966699 
-9966699 
-9966699 
-9966699 
-9966699 
-9966699 
-9966699 
-9966699 
-9966699 
-9966699 
-9966699 
-9966699 
-9966699 
-9966699 
-9966699 
3307.65991211 
4082.51464844 
5511.35400391 
2880.15869141 
4334.90234375 
-9966699 
-9966699 
-9966699 
-9966699 
-9966699 
-9966699 
-9966699 
-9966699 
-9966699 
-9966699 
-9966699 
-9966699 
-9966699 
-9966699 
-9966699 
-9966699 
-9966699 
-9966699 
-9966699 
-9966699 
-9966699 
-9966699 
-9966699 
-9966699 
-9966699 
-9966699 
-9966699 
-9966699 
-9966699 
-9966699 
-9966699 
-9966699 
-9966699 
-9966699 
-9966699 
-9966699 
-9966699 
-9966699 
-9966699 
-9966699 
-9966699 
-9966699 
-9966699 
-9966699 
-9966699 
-9966699 
-9966699 
-9966699 
-9966699 
-9966699 
-9966699 
-9966699 
-9966699 
-9966699 
-9966699 
-9966699 
-9966699 
-9966699 
-9966699 
-9966699 
-9966699 
-9966699 
-9966699 
-9966699 
-9966699 
-9966699 
-9966699 
-9966699 
-9966699 
-9966699 
-9966699 
-9966699 
-9966699 
-9966699 
-9966699 
-9966699 
-9966699 
-9966699 
-9966699 
-9966699 
-9966699 
-9966699 
-9966699 
-9966699 
-9966699 
-9966699 
-9966699 
-9966699 
-9966699 
-9966699 
-9966699 
-9966699 
-9966699 
-9966699 
-9966699 
-9966699 
-9966699 
-9966699 
-9966699 
-9966699 
-9966699 
-9966699 
-9966699 
-9966699 
-9966699 
-9966699 
-9966699 
-9966699 
-9966699 
-9966699 
-9966699 
-9966699 
-9966699 
-9966699 
-9966699 
-9966699 
-9966699 
-9966699 
-9966699 
-9966699 
-9966699 
-9966699 
-9966699 
-9966699 
-9966699 
-9966699 
-9966699 
-9966699 
-9966699 
-9966699 
-9966699 
-9966699 
-9966699 
-9966699 
-9966699 
-9966699 
-9966699 
-9966699 
-9966699 
-9966699 
-9966699 
-9966699 
-9966699 
-9966699 
-9966699 
-9966699 
-9966699 
-9966699 
-9966699 
-9966699 
-9966699 
-9966699 
-9966699 
-9966699 
-9966699 
-9966699 
-9966699 
-9966699 
-9966699 
-9966699 
-9966699 
-9966699 
-9966699 
-9966699 
-9966699 
-9966699 
-9966699 
-9966699 
-9966699 
-9966699 
-9966699 
-9966699 
-9966699 
-9966699 
-9966699 
-9966699 
-9966699 
-9966699 
-9966699 
-9966699 
-9966699 
-9966699 
-9966699 
-9966699 
-9966699 
-9966699 
-9966699 
-9966699 
-9966699 
-9966699 
-9966699 
-9966699 
-9966699 
-9966699 
-9966699 
-9966699 
-9966699 
-9966699 
-9966699 
-9966699 
-9966699 
-9966699 
-9966699 
-9966699 
-9966699 
-9966699 
-9966699 
-9966699 
-9966699 
-9966699 
-9966699 
-9966699 
-9966699 
-9966699 
-9966699 
-9966699 
-9966699 
-9966699 
-9966699 
-9966699 
-9966699 
-9966699 
-9966699 
-9966699 
-9966699 
-9966699 
-9966699 
-9966699 
-9966699 
-9966699 
-9966699 
-9966699 
-9966699 
-9966699 
-9966699 
-9966699 
-9966699 
-9966699 
-9966699 
-9966699 
-9966699 
-9966699 
-9966699 
-9966699 
-9966699 
-9966699 
-9966699 
-9966699 
-9966699 
-9966699 
-9966699 
-9966699 
-9966699 
-9966699 
-9966699 
-9966699 
-9966699 
-9966699 
-9966699 
-9966699 
-9966699 
-9966699 
-9966699 
-9966699 
-9966699 
-9966699 
-9966699 
-9966699 
-9966699 
-9966699 
-9966699 
-9966699 
-9966699 
-9966699 
-9966699 
-9966699 
-9966699 
-9966699 
-9966699 
-9966699 
-9966699 
-9966699 
-9966699 
-9966699 
-9966699 
-9966699 
-9966699 
-9966699 
-9966699 
-9966699 
-9966699 
-9966699 
-9966699 
-9966699 
-9966699 
-9966699 
-9966699 
-9966699 
-9966699 
-9966699 
-9966699 
-9966699 
-9966699 
-9966699 
-9966699 
-9966699 
-9966699 
-9966699 
-9966699 
-9966699 
-9966699 
-9966699 
-9966699 
-9966699 
-9966699 
-9966699 
-9966699 
-9966699 
-9966699 
-9966699 
-9966699 
-9966699 
-9966699 
-9966699 
-9966699 
-9966699 
-9966699 
-9966699 
-9966699 
-9966699 
-9966699 
-9966699 
-9966699 
-9966699 
-9966699 
-9966699 
-9966699 
-9966699 
-9966699 
-9966699 
-9966699 
-9966699 
-9966699 
-9966699 
-9966699 
-9966699 
-9966699 
-9966699 
-9966699 
-9966699 
-9966699 
-9966699 
-9966699 
-9966699 
-9966699 
-9966699 
-9966699 
-9966699 
-9966699 
-9966699 
-9966699 
-9966699 
-9966699 
-9966699 
-9966699 
-9966699 
-9966699 
-9966699 
-9966699 
-9966699 
-9966699 
-9966699 
-9966699 
-9966699 
-9966699 
-9966699 
-9966699 
-9966699 
-9966699 
-9966699 
-9966699 
-9966699 
-9966699 
-9966699 
-9966699 
-9966699 
-9966699 
-9966699 
-9966699 
-9966699 
-9966699 
-9966699 
-9966699 
-9966699 
-9966699 
-9966699 
-9966699 
-9966699 
-9966699 
-9966699 
-9966699 
-9966699 
-9966699 
-9966699 
-9966699 
-9966699 
-9966699 
-9966699 
-9966699 
-9966699 
-9966699 
-9966699 
-9966699 
-9966699 
-9966699 
-9966699 
3616.92944336 
3527.79223633 
4896.77294922 
4220.63867188 
-9966699 
-9966699 
-9966699 
-9966699 
-9966699 
-9966699 
-9966699 
-9966699 
-9966699 
-9966699 
-9966699 
-9966699 
-9966699 
-9966699 
-9966699 
-9966699 
-9966699 
-9966699 
-9966699 
-9966699 
-9966699 
-9966699 
-9966699 
-9966699 
-9966699 
-9966699 
-9966699 
-9966699 
-9966699 
-9966699 
-9966699 
-9966699 
-9966699 
-9966699 
-9966699 
-9966699 
-9966699 
-9966699 
-9966699 
-9966699 
-9966699 
-9966699 
-9966699 
-9966699 
-9966699 
-9966699 
-9966699 
-9966699 
-9966699 
-9966699 
-9966699 
-9966699 
-9966699 
-9966699 
-9966699 
-9966699 
-9966699 
-9966699 
-9966699 
-9966699 
-9966699 
-9966699 
-9966699 
-9966699 
-9966699 
4680.69824219 
3678.69433594 
3592.57373047 
5435.71435547 
5154.35693359 
4661.55664063 
2281.83325195 
-9966699 
-9966699 
-9966699 
-9966699 
-9966699 
-9966699 
-9966699 
-9966699 
-9966699 
-9966699 
-9966699 
-9966699 
-9966699 
-9966699 
-9966699 
-9966699 
-9966699 
-9966699 
-9966699 
-9966699 
-9966699 
-9966699 
-9966699 
-9966699 
-9966699 
-9966699 
-9966699 
-9966699 
-9966699 
-9966699 
-9966699 
-9966699 
-9966699 
-9966699 
-9966699 
-9966699 
-9966699 
-9966699 
-9966699 
-9966699 
-9966699 
-9966699 
-9966699 
-9966699 
-9966699 
-9966699 
-9966699 
-9966699 
-9966699 
-9966699 
-9966699 
-9966699 
-9966699 
-9966699 
-9966699 
-9966699 
-9966699 
-9966699 
-9966699 
-9966699 
-9966699 
-9966699 
-9966699 
4268.37548828 
5957.39208984 
3939.46191406 
2776.92041016 
3477.50756836 
6769.70361328 
4682.53466797 
-9966699 
-9966699 
-9966699 
-9966699 
-9966699 
-9966699 
-9966699 
-9966699 
-9966699 
-9966699 
-9966699 
-9966699 
-9966699 
-9966699 
-9966699 
-9966699 
-9966699 
-9966699 
-9966699 
-9966699 
-9966699 
-9966699 
-9966699 
-9966699 
-9966699 
-9966699 
-9966699 
-9966699 
-9966699 
-9966699 
-9966699 
-9966699 
-9966699 
-9966699 
-9966699 
-9966699 
-9966699 
-9966699 
-9966699 
-9966699 
-9966699 
-9966699 
-9966699 
-9966699 
-9966699 
-9966699 
-9966699 
-9966699 
-9966699 
-9966699 
-9966699 
-9966699 
-9966699 
-9966699 
-9966699 
-9966699 
-9966699 
-9966699 
-9966699 
-9966699 
-9966699 
-9966699 
-9966699 
5868.16015625 
4295.84033203 
5799.99560547 
4982.19238281 
2970.87182617 
4608.61572266 
2104.70019531 
5658.42773438 
-9966699 
-9966699 
-9966699 
-9966699 
-9966699 
-9966699 
-9966699 
-9966699 
-9966699 
-9966699 
-9966699 
-9966699 
-9966699 
-9966699 
-9966699 
-9966699 
-9966699 
-9966699 
-9966699 
-9966699 
-9966699 
-9966699 
-9966699 
-9966699 
-9966699 
-9966699 
-9966699 
-9966699 
-9966699 
-9966699 
-9966699 
-9966699 
-9966699 
-9966699 
-9966699 
-9966699 
-9966699 
-9966699 
-9966699 
-9966699 
-9966699 
-9966699 
-9966699 
-9966699 
-9966699 
-9966699 
-9966699 
-9966699 
-9966699 
-9966699 
-9966699 
-9966699 
-9966699 
-9966699 
-9966699 
-9966699 
-9966699 
-9966699 
-9966699 
-9966699 
-9966699 
-9966699 
4231.9453125 
4587.71484375 
1505.41516113 
22302.1210938 
3909.84790039 
4301.17236328 
4321.21582031 
4426.85693359 
-9966699 
-9966699 
-9966699 
-9966699 
-9966699 
-9966699 
-9966699 
-9966699 
-9966699 
-9966699 
-9966699 
-9966699 
-9966699 
-9966699 
-9966699 
-9966699 
-9966699 
-9966699 
-9966699 
-9966699 
-9966699 
-9966699 
-9966699 
-9966699 
-9966699 
-9966699 
-9966699 
-9966699 
-9966699 
-9966699 
-9966699 
-9966699 
-9966699 
-9966699 
-9966699 
-9966699 
-9966699 
-9966699 
-9966699 
-9966699 
-9966699 
-9966699 
-9966699 
-9966699 
-9966699 
-9966699 
-9966699 
-9966699 
-9966699 
-9966699 
-9966699 
-9966699 
-9966699 
-9966699 
-9966699 
-9966699 
-9966699 
-9966699 
-9966699 
-9966699 
-9966699 
-9966699 
2806.703125 
4686.60693359 
435074.375 
9682.17773438 
2793.89160156 
4757.62109375 
3762.08666992 
3845.62182617 
-9966699 
-9966699 
-9966699 
-9966699 
-9966699 
-9966699 
-9966699 
-9966699 
-9966699 
-9966699 
-9966699 
-9966699 
-9966699 
-9966699 
-9966699 
-9966699 
-9966699 
-9966699 
-9966699 
-9966699 
-9966699 
-9966699 
-9966699 
-9966699 
-9966699 
-9966699 
-9966699 
-9966699 
-9966699 
-9966699 
-9966699 
-9966699 
-9966699 
-9966699 
-9966699 
-9966699 
-9966699 
-9966699 
-9966699 
-9966699 
-9966699 
-9966699 
-9966699 
-9966699 
-9966699 
-9966699 
-9966699 
-9966699 
-9966699 
-9966699 
-9966699 
-9966699 
-9966699 
-9966699 
-9966699 
-9966699 
-9966699 
-9966699 
-9966699 
-9966699 
-9966699 
-9966699 
2986.09643555 
3196.84130859 
3332.33178711 
120.598312378 
3909.20800781 
3498.85424805 
3062.22729492 
2989.21313477 
-9966699 
-9966699 
-9966699 
-9966699 
-9966699 
-9966699 
-9966699 
-9966699 
-9966699 
-9966699 
-9966699 
-9966699 
-9966699 
-9966699 
-9966699 
-9966699 
-9966699 
-9966699 
-9966699 
-9966699 
-9966699 
-9966699 
-9966699 
-9966699 
-9966699 
-9966699 
-9966699 
-9966699 
-9966699 
-9966699 
-9966699 
-9966699 
-9966699 
-9966699 
-9966699 
-9966699 
-9966699 
-9966699 
-9966699 
-9966699 
-9966699 
-9966699 
-9966699 
-9966699 
-9966699 
-9966699 
-9966699 
-9966699 
-9966699 
-9966699 
-9966699 
-9966699 
-9966699 
-9966699 
-9966699 
-9966699 
-9966699 
-9966699 
-9966699 
-9966699 
-9966699 
-9966699 
3862.52709961 
2901.64624023 
4100.49023438 
4827.20117188 
4836.41455078 
5277.72900391 
2244.21362305 
6602.06005859 
-9966699 
-9966699 
-9966699 
-9966699 
-9966699 
-9966699 
-9966699 
-9966699 
-9966699 
-9966699 
-9966699 
-9966699 
-9966699 
-9966699 
-9966699 
-9966699 
-9966699 
-9966699 
-9966699 
-9966699 
-9966699 
-9966699 
-9966699 
-9966699 
-9966699 
-9966699 
-9966699 
-9966699 
-9966699 
-9966699 
-9966699 
-9966699 
-9966699 
-9966699 
-9966699 
-9966699 
-9966699 
-9966699 
-9966699 
-9966699 
-9966699 
-9966699 
-9966699 
-9966699 
-9966699 
-9966699 
-9966699 
-9966699 
-9966699 
-9966699 
-9966699 
-9966699 
-9966699 
-9966699 
-9966699 
-9966699 
-9966699 
-9966699 
-9966699 
-9966699 
-9966699 
-9966699 
4691.48925781 
4714.36376953 
6012.37011719 
5246.59423828 
3547.71313477 
5101.85888672 
3800.28100586 
-9966699 
-9966699 
-9966699 
-9966699 
-9966699 
-9966699 
-9966699 
-9966699 
-9966699 
-9966699 
-9966699 
-9966699 
-9966699 
-9966699 
-9966699 
-9966699 
-9966699 
-9966699 
-9966699 
-9966699 
-9966699 
-9966699 
-9966699 
-9966699 
-9966699 
-9966699 
-9966699 
-9966699 
-9966699 
-9966699 
-9966699 
-9966699 
-9966699 
-9966699 
-9966699 
-9966699 
-9966699 
-9966699 
-9966699 
-9966699 
-9966699 
-9966699 
-9966699 
-9966699 
-9966699 
-9966699 
-9966699 
-9966699 
-9966699 
-9966699 
-9966699 
-9966699 
-9966699 
-9966699 
-9966699 
-9966699 
-9966699 
-9966699 
-9966699 
-9966699 
-9966699 
-9966699 
-9966699 
5281.45214844 
3595.22631836 
3951.47509766 
2677.03930664 
3725.73266602 
5196.34082031 
5437.92431641 
-9966699 
-9966699 
-9966699 
-9966699 
-9966699 
-9966699 
-9966699 
-9966699 
-9966699 
-9966699 
-9966699 
-9966699 
-9966699 
-9966699 
-9966699 
-9966699 
-9966699 
-9966699 
-9966699 
-9966699 
-9966699 
-9966699 
-9966699 
-9966699 
-9966699 
-9966699 
-9966699 
-9966699 
-9966699 
-9966699 
-9966699 
-9966699 
-9966699 
-9966699 
-9966699 
-9966699 
-9966699 
-9966699 
-9966699 
-9966699 
-9966699 
-9966699 
-9966699 
-9966699 
-9966699 
-9966699 
-9966699 
-9966699 
-9966699 
-9966699 
-9966699 
-9966699 
-9966699 
-9966699 
-9966699 
-9966699 
-9966699 
-9966699 
-9966699 
-9966699 
-9966699 
-9966699 
-9966699 
4498.08447266 
5541.99023438 
2173.29589844 
4977.81347656 
5866.35693359 
5189.50976563 
-9966699 
-9966699 
-9966699 
-9966699 
-9966699 
-9966699 
-9966699 
-9966699 
-9966699 
-9966699 
-9966699 
-9966699 
-9966699 
-9966699 
-9966699 
-9966699 
-9966699 
-9966699 
-9966699 
-9966699 
-9966699 
-9966699 
-9966699 
-9966699 
-9966699 
-9966699 
-9966699 
-9966699 
-9966699 
-9966699 
-9966699 
-9966699 
-9966699 
-9966699 
-9966699 
-9966699 
-9966699 
-9966699 
-9966699 
-9966699 
-9966699 
-9966699 
-9966699 
-9966699 
-9966699 
-9966699 
-9966699 
-9966699 
-9966699 
-9966699 
-9966699 
-9966699 
-9966699 
-9966699 
-9966699 
-9966699 
-9966699 
-9966699 
-9966699 
-9966699 
-9966699 
-9966699 
-9966699 
-9966699 
-9966699 
-9966699 
4231.90185547 
3683.48974609 
-9966699 
-9966699 
-9966699 
-9966699 
-9966699 
-9966699 
-9966699 
-9966699 
-9966699 
-9966699 
-9966699 
-9966699 
-9966699 
-9966699 
-9966699 
-9966699 
-9966699 
-9966699 
-9966699 
-9966699 
-9966699 
-9966699 
-9966699 
-9966699 
-9966699 
-9966699 
-9966699 
-9966699 
-9966699 
-9966699 
-9966699 
-9966699 
-9966699 
-9966699 
-9966699 
-9966699 
-9966699 
-9966699 
-9966699 
-9966699 
-9966699 
-9966699 
-9966699 
-9966699 
-9966699 
-9966699 
-9966699 
-9966699 
-9966699 
-9966699 
-9966699 
-9966699 
-9966699 
-9966699 
-9966699 
-9966699 
-9966699 
-9966699 
-9966699 
-9966699 
-9966699 
-9966699 
-9966699 
-9966699 
-9966699 
-9966699 
-9966699 
-9966699 
-9966699 
5070.26367188 
-9966699 
-9966699 
-9966699 
-9966699 
-9966699 
-9966699 
-9966699 
-9966699 
-9966699 
-9966699 
-9966699 
-9966699 
-9966699 
-9966699 
-9966699 
-9966699 
-9966699 
-9966699 
-9966699 
-9966699 
-9966699 
-9966699 
-9966699 
-9966699 
-9966699 
-9966699 
-9966699 
-9966699 
-9966699 
-9966699 
-9966699 
-9966699 
-9966699 
-9966699 
-9966699 
-9966699 
-9966699 
-9966699 
-9966699 
-9966699 
-9966699 
-9966699 
-9966699 
-9966699 
-9966699 
-9966699 
-9966699 
-9966699 
-9966699 
-9966699 
-9966699 
-9966699 
-9966699 
-9966699 
-9966699 
-9966699 
-9966699 
-9966699 
-9966699 
-9966699 
-9966699 
-9966699 
-9966699 
-9966699 
-9966699 
-9966699 
-9966699 
-9966699 
-9966699 
-9966699 
-9966699 
-9966699 
-9966699 
-9966699 
-9966699 
-9966699 
-9966699 
-9966699 
-9966699 
-9966699 
-9966699 
-9966699 
-9966699 
-9966699 
-9966699 
-9966699 
-9966699 
-9966699 
-9966699 
-9966699 
-9966699 
-9966699 
-9966699 
-9966699 
-9966699 
-9966699 
-9966699 
-9966699 
-9966699 
-9966699 
-9966699 
-9966699 
-9966699 
-9966699 
-9966699 
-9966699 
-9966699 
-9966699 
-9966699 
-9966699 
-9966699 
-9966699 
-9966699 
-9966699 
-9966699 
-9966699 
-9966699 
-9966699 
-9966699 
-9966699 
-9966699 
-9966699 
-9966699 
-9966699 
-9966699 
-9966699 
-9966699 
-9966699 
-9966699 
-9966699 
-9966699 
-9966699 
-9966699 
-9966699 
-9966699 
-9966699 
-9966699 
-9966699 
-9966699 
-9966699 
-9966699 
-9966699 
-9966699 
-9966699 
-9966699 
-9966699 
-9966699 
-9966699 
-9966699 
-9966699 
-9966699 
-9966699 
-9966699 
-9966699 
-9966699 
-9966699 
-9966699 
-9966699 
-9966699 
-9966699 
-9966699 
-9966699 
-9966699 
-9966699 
-9966699 
-9966699 
-9966699 
-9966699 
-9966699 
-9966699 
-9966699 
-9966699 
-9966699 
-9966699 
-9966699 
-9966699 
-9966699 
-9966699 
-9966699 
-9966699 
-9966699 
-9966699 
-9966699 
-9966699 
-9966699 
-9966699 
-9966699 
-9966699 
-9966699 
-9966699 
-9966699 
-9966699 
-9966699 
-9966699 
-9966699 
-9966699 
-9966699 
-9966699 
-9966699 
-9966699 
-9966699 
-9966699 
-9966699 
-9966699 
-9966699 
-9966699 
3477.19580078 
5727.95556641 
3400.55419922 
-9966699 
-9966699 
-9966699 
-9966699 
-9966699 
-9966699 
-9966699 
-9966699 
-9966699 
-9966699 
-9966699 
-9966699 
-9966699 
-9966699 
-9966699 
-9966699 
-9966699 
-9966699 
-9966699 
-9966699 
-9966699 
-9966699 
-9966699 
-9966699 
-9966699 
-9966699 
-9966699 
-9966699 
-9966699 
-9966699 
-9966699 
-9966699 
-9966699 
-9966699 
-9966699 
-9966699 
-9966699 
-9966699 
-9966699 
-9966699 
-9966699 
-9966699 
-9966699 
-9966699 
-9966699 
-9966699 
-9966699 
-9966699 
-9966699 
-9966699 
-9966699 
-9966699 
-9966699 
-9966699 
-9966699 
-9966699 
-9966699 
-9966699 
-9966699 
-9966699 
-9966699 
-9966699 
-9966699 
-9966699 
-9966699 
-9966699 
-9966699 
2930.40844727 
3767.36230469 
3734.13330078 
7401.23779297 
3570.4987793 
-9966699 
-9966699 
-9966699 
-9966699 
-9966699 
-9966699 
-9966699 
-9966699 
-9966699 
-9966699 
-9966699 
-9966699 
-9966699 
-9966699 
-9966699 
-9966699 
-9966699 
-9966699 
-9966699 
-9966699 
-9966699 
-9966699 
-9966699 
-9966699 
-9966699 
-9966699 
-9966699 
-9966699 
-9966699 
-9966699 
-9966699 
-9966699 
-9966699 
-9966699 
-9966699 
-9966699 
-9966699 
-9966699 
-9966699 
-9966699 
-9966699 
-9966699 
-9966699 
-9966699 
-9966699 
-9966699 
-9966699 
-9966699 
-9966699 
-9966699 
-9966699 
-9966699 
-9966699 
-9966699 
-9966699 
-9966699 
-9966699 
-9966699 
-9966699 
-9966699 
-9966699 
-9966699 
-9966699 
-9966699 
-9966699 
3049.50439453 
4495.38427734 
3991.08325195 
5018.27685547 
4433.48974609 
-9966699 
-9966699 
-9966699 
-9966699 
-9966699 
-9966699 
-9966699 
-9966699 
-9966699 
-9966699 
-9966699 
-9966699 
-9966699 
-9966699 
-9966699 
-9966699 
-9966699 
-9966699 
-9966699 
-9966699 
-9966699 
-9966699 
-9966699 
-9966699 
-9966699 
-9966699 
-9966699 
-9966699 
-9966699 
-9966699 
-9966699 
-9966699 
-9966699 
-9966699 
-9966699 
-9966699 
-9966699 
-9966699 
-9966699 
-9966699 
-9966699 
-9966699 
-9966699 
-9966699 
-9966699 
-9966699 
-9966699 
-9966699 
-9966699 
-9966699 
-9966699 
-9966699 
-9966699 
-9966699 
-9966699 
-9966699 
-9966699 
-9966699 
-9966699 
-9966699 
-9966699 
-9966699 
-9966699 
-9966699 
-9966699 
3813.56542969 
4979.61230469 
4502.78027344 
4884.51171875 
4609.20654297 
3349.52172852 
-9966699 
-9966699 
-9966699 
-9966699 
-9966699 
-9966699 
-9966699 
-9966699 
-9966699 
-9966699 
-9966699 
-9966699 
-9966699 
-9966699 
-9966699 
-9966699 
-9966699 
-9966699 
-9966699 
-9966699 
-9966699 
-9966699 
-9966699 
-9966699 
-9966699 
-9966699 
-9966699 
-9966699 
-9966699 
-9966699 
-9966699 
-9966699 
-9966699 
-9966699 
-9966699 
-9966699 
-9966699 
-9966699 
-9966699 
-9966699 
-9966699 
-9966699 
-9966699 
-9966699 
-9966699 
-9966699 
-9966699 
-9966699 
-9966699 
-9966699 
-9966699 
-9966699 
-9966699 
-9966699 
-9966699 
-9966699 
-9966699 
-9966699 
-9966699 
-9966699 
-9966699 
-9966699 
-9966699 
-9966699 
5480.69873047 
5833.08251953 
2877.14453125 
5868.57714844 
5009.56201172 
3577.49975586 
-9966699 
-9966699 
-9966699 
-9966699 
-9966699 
-9966699 
-9966699 
-9966699 
-9966699 
-9966699 
-9966699 
-9966699 
-9966699 
-9966699 
-9966699 
-9966699 
-9966699 
-9966699 
-9966699 
-9966699 
-9966699 
-9966699 
-9966699 
-9966699 
-9966699 
-9966699 
-9966699 
-9966699 
-9966699 
-9966699 
-9966699 
-9966699 
-9966699 
-9966699 
-9966699 
-9966699 
-9966699 
-9966699 
-9966699 
-9966699 
-9966699 
-9966699 
-9966699 
-9966699 
-9966699 
-9966699 
-9966699 
-9966699 
-9966699 
-9966699 
-9966699 
-9966699 
-9966699 
-9966699 
-9966699 
-9966699 
-9966699 
-9966699 
-9966699 
-9966699 
-9966699 
-9966699 
-9966699 
-9966699 
3602.65332031 
201.9140625 
4984.54541016 
2524.91308594 
2537.70019531 
5208.62353516 
4264.41113281 
-9966699 
-9966699 
-9966699 
-9966699 
-9966699 
-9966699 
-9966699 
-9966699 
-9966699 
-9966699 
-9966699 
-9966699 
-9966699 
-9966699 
-9966699 
-9966699 
-9966699 
-9966699 
-9966699 
-9966699 
-9966699 
-9966699 
-9966699 
-9966699 
-9966699 
-9966699 
-9966699 
-9966699 
-9966699 
-9966699 
-9966699 
-9966699 
-9966699 
-9966699 
-9966699 
-9966699 
-9966699 
-9966699 
-9966699 
-9966699 
-9966699 
-9966699 
-9966699 
-9966699 
-9966699 
-9966699 
-9966699 
-9966699 
-9966699 
-9966699 
-9966699 
-9966699 
-9966699 
-9966699 
-9966699 
-9966699 
-9966699 
-9966699 
-9966699 
-9966699 
-9966699 
-9966699 
-9966699 
4447.69238281 
1.14751505852 
2880.69750977 
4341.57666016 
2830.36572266 
3498.33789063 
3763.58691406 
4673.67626953 
-9966699 
-9966699 
-9966699 
-9966699 
-9966699 
-9966699 
-9966699 
-9966699 
-9966699 
-9966699 
-9966699 
-9966699 
-9966699 
-9966699 
-9966699 
-9966699 
-9966699 
-9966699 
-9966699 
-9966699 
-9966699 
-9966699 
-9966699 
-9966699 
-9966699 
-9966699 
-9966699 
-9966699 
-9966699 
-9966699 
-9966699 
-9966699 
-9966699 
-9966699 
-9966699 
-9966699 
-9966699 
-9966699 
-9966699 
-9966699 
-9966699 
-9966699 
-9966699 
-9966699 
-9966699 
-9966699 
-9966699 
-9966699 
-9966699 
-9966699 
-9966699 
-9966699 
-9966699 
-9966699 
-9966699 
-9966699 
-9966699 
-9966699 
-9966699 
-9966699 
-9966699 
-9966699 
2883.48242188 
5567.76806641 
4093.28369141 
3741.6418457 
4374.01757813 
3909.9375 
4355.65380859 
3467.95947266 
2579.09082031 
-9966699 
-9966699 
-9966699 
-9966699 
-9966699 
-9966699 
-9966699 
-9966699 
-9966699 
-9966699 
-9966699 
-9966699 
-9966699 
-9966699 
-9966699 
-9966699 
-9966699 
-9966699 
-9966699 
-9966699 
-9966699 
-9966699 
-9966699 
-9966699 
-9966699 
-9966699 
-9966699 
-9966699 
-9966699 
-9966699 
-9966699 
-9966699 
-9966699 
-9966699 
-9966699 
-9966699 
-9966699 
-9966699 
-9966699 
-9966699 
-9966699 
-9966699 
-9966699 
-9966699 
-9966699 
-9966699 
-9966699 
-9966699 
-9966699 
-9966699 
-9966699 
-9966699 
-9966699 
-9966699 
-9966699 
-9966699 
-9966699 
-9966699 
-9966699 
-9966699 
-9966699 
4931.92871094 
7541.84570313 
268.311035156 
5812.71630859 
4305.30517578 
2469.19165039 
5869.04736328 
5054.03662109 
5343.39160156 
5715.78076172 
-9966699 
-9966699 
-9966699 
-9966699 
-9966699 
-9966699 
-9966699 
-9966699 
-9966699 
-9966699 
-9966699 
-9966699 
-9966699 
-9966699 
-9966699 
-9966699 
-9966699 
-9966699 
-9966699 
-9966699 
-9966699 
-9966699 
-9966699 
-9966699 
-9966699 
-9966699 
-9966699 
-9966699 
-9966699 
-9966699 
-9966699 
-9966699 
-9966699 
-9966699 
-9966699 
-9966699 
-9966699 
-9966699 
-9966699 
-9966699 
-9966699 
-9966699 
-9966699 
-9966699 
-9966699 
-9966699 
-9966699 
-9966699 
-9966699 
-9966699 
-9966699 
-9966699 
-9966699 
-9966699 
-9966699 
-9966699 
-9966699 
-9966699 
-9966699 
-9966699 
4247.16894531 
3624.80810547 
1729.89367676 
867.85534668 
6008.47460938 
3783.45483398 
3571.73120117 
4952.33398438 
4855.24560547 
3305.78759766 
4994.87207031 
-9966699 
-9966699 
-9966699 
-9966699 
-9966699 
-9966699 
-9966699 
-9966699 
-9966699 
-9966699 
-9966699 
-9966699 
-9966699 
-9966699 
-9966699 
-9966699 
-9966699 
-9966699 
-9966699 
-9966699 
-9966699 
-9966699 
-9966699 
-9966699 
-9966699 
-9966699 
-9966699 
-9966699 
-9966699 
-9966699 
-9966699 
-9966699 
-9966699 
-9966699 
-9966699 
-9966699 
-9966699 
-9966699 
-9966699 
-9966699 
-9966699 
-9966699 
-9966699 
-9966699 
-9966699 
-9966699 
-9966699 
-9966699 
-9966699 
-9966699 
-9966699 
-9966699 
-9966699 
-9966699 
-9966699 
-9966699 
-9966699 
-9966699 
-9966699 
8733.99707031 
5009.81689453 
2655.38842773 
1978.6262207 
13785.0039063 
4007.43310547 
3684.37084961 
4020.2722168 
4198.82861328 
4952.46484375 
3458.90234375 
6205.20849609 
-9966699 
-9966699 
-9966699 
-9966699 
-9966699 
-9966699 
-9966699 
-9966699 
-9966699 
-9966699 
-9966699 
-9966699 
-9966699 
-9966699 
-9966699 
-9966699 
-9966699 
-9966699 
-9966699 
-9966699 
-9966699 
-9966699 
-9966699 
-9966699 
-9966699 
-9966699 
-9966699 
-9966699 
-9966699 
-9966699 
-9966699 
-9966699 
-9966699 
-9966699 
-9966699 
-9966699 
-9966699 
-9966699 
-9966699 
-9966699 
-9966699 
-9966699 
-9966699 
-9966699 
-9966699 
-9966699 
-9966699 
-9966699 
-9966699 
-9966699 
-9966699 
-9966699 
-9966699 
-9966699 
-9966699 
-9966699 
-9966699 
-9966699 
3064.51806641 
6664.53613281 
4011.56542969 
4612.61132813 
3132.79272461 
4331.53076172 
4413.06396484 
4830.44482422 
5636.56542969 
5249.27734375 
4505.57714844 
3795.89257813 
4424.68310547 
-9966699 
-9966699 
-9966699 
-9966699 
-9966699 
-9966699 
-9966699 
-9966699 
-9966699 
-9966699 
-9966699 
-9966699 
-9966699 
-9966699 
-9966699 
-9966699 
-9966699 
-9966699 
-9966699 
-9966699 
-9966699 
-9966699 
-9966699 
-9966699 
-9966699 
-9966699 
-9966699 
-9966699 
-9966699 
-9966699 
-9966699 
-9966699 
-9966699 
-9966699 
-9966699 
-9966699 
-9966699 
-9966699 
-9966699 
-9966699 
-9966699 
-9966699 
-9966699 
-9966699 
-9966699 
-9966699 
-9966699 
-9966699 
-9966699 
-9966699 
-9966699 
-9966699 
-9966699 
-9966699 
-9966699 
-9966699 
-9966699 
4049.24072266 
3823.29833984 
4037.06933594 
4733.28417969 
5172.85595703 
5264.54345703 
4892.4765625 
4852.38769531 
2872.84472656 
5131.63623047 
4444.91455078 
5765.84033203 
5411.42675781 
5586.31494141 
8026.32666016 
3114.90576172 
3593.96777344 
-9966699 
-9966699 
-9966699 
-9966699 
-9966699 
-9966699 
-9966699 
-9966699 
-9966699 
-9966699 
-9966699 
-9966699 
-9966699 
-9966699 
-9966699 
-9966699 
-9966699 
-9966699 
-9966699 
-9966699 
-9966699 
-9966699 
-9966699 
-9966699 
-9966699 
-9966699 
-9966699 
-9966699 
-9966699 
-9966699 
-9966699 
-9966699 
-9966699 
-9966699 
-9966699 
-9966699 
-9966699 
-9966699 
-9966699 
-9966699 
-9966699 
-9966699 
-9966699 
-9966699 
-9966699 
-9966699 
-9966699 
-9966699 
-9966699 
-9966699 
-9966699 
-9966699 
-9966699 
4027.55541992 
4953.3828125 
3023.31225586 
3334.36572266 
3523.74023438 
1928.37805176 
5020.77294922 
4231.86669922 
3504.23974609 
4123.12695313 
123.803382874 
3736.77026367 
4630.88378906 
4209.0546875 
3687.04956055 
3774.99804688 
3140.27441406 
3873.56469727 
-9966699 
-9966699 
-9966699 
-9966699 
-9966699 
-9966699 
-9966699 
-9966699 
-9966699 
-9966699 
-9966699 
-9966699 
-9966699 
-9966699 
-9966699 
-9966699 
-9966699 
-9966699 
-9966699 
-9966699 
-9966699 
-9966699 
-9966699 
-9966699 
-9966699 
-9966699 
-9966699 
-9966699 
-9966699 
-9966699 
-9966699 
-9966699 
-9966699 
-9966699 
-9966699 
-9966699 
-9966699 
-9966699 
-9966699 
-9966699 
-9966699 
-9966699 
-9966699 
-9966699 
-9966699 
-9966699 
-9966699 
-9966699 
-9966699 
-9966699 
-9966699 
-9966699 
5267.45849609 
3523.328125 
2793.11450195 
4875.09179688 
6704.08154297 
3778.37231445 
4343.234375 
4380.98095703 
2770.97900391 
2829.84448242 
4729.359375 
4506.45703125 
5303.56201172 
6789.95458984 
5257.24316406 
5588.76611328 
4041.35522461 
5600.38134766 
3555.88256836 
-9966699 
-9966699 
-9966699 
-9966699 
-9966699 
-9966699 
-9966699 
-9966699 
-9966699 
-9966699 
-9966699 
-9966699 
-9966699 
-9966699 
-9966699 
-9966699 
-9966699 
-9966699 
-9966699 
-9966699 
-9966699 
-9966699 
-9966699 
-9966699 
-9966699 
-9966699 
-9966699 
-9966699 
-9966699 
-9966699 
-9966699 
-9966699 
-9966699 
-9966699 
-9966699 
-9966699 
-9966699 
-9966699 
-9966699 
-9966699 
-9966699 
-9966699 
-9966699 
-9966699 
-9966699 
-9966699 
-9966699 
-9966699 
-9966699 
-9966699 
-9966699 
-9966699 
-9966699 
-9966699 
-9966699 
2932.08496094 
3877.66577148 
3104.25097656 
4422.74267578 
3175.87915039 
5091.67431641 
19676.9179688 
3735.87011719 
2906.88671875 
5059.64257813 
3713.09375 
5103.85839844 
2984.21948242 
5630.10400391 
3510.83520508 
6421.31054688 
-9966699 
-9966699 
-9966699 
-9966699 
-9966699 
-9966699 
-9966699 
-9966699 
-9966699 
-9966699 
-9966699 
-9966699 
-9966699 
-9966699 
-9966699 
-9966699 
-9966699 
-9966699 
-9966699 
-9966699 
-9966699 
-9966699 
-9966699 
-9966699 
-9966699 
-9966699 
-9966699 
-9966699 
-9966699 
-9966699 
-9966699 
-9966699 
-9966699 
-9966699 
-9966699 
-9966699 
-9966699 
-9966699 
-9966699 
-9966699 
-9966699 
-9966699 
-9966699 
-9966699 
-9966699 
-9966699 
-9966699 
-9966699 
-9966699 
-9966699 
-9966699 
-9966699 
-9966699 
-9966699 
-9966699 
-9966699 
2853.64892578 
4940.63183594 
5084.82275391 
4293.12158203 
7255.31738281 
36495.953125 
4461.48193359 
4671.47998047 
89.2640991211 
4287.37792969 
4452.63916016 
5929.77050781 
3960.16748047 
5298.48486328 
3073.51367188 
-9966699 
-9966699 
-9966699 
-9966699 
-9966699 
-9966699 
-9966699 
-9966699 
-9966699 
-9966699 
-9966699 
-9966699 
-9966699 
-9966699 
-9966699 
-9966699 
-9966699 
-9966699 
-9966699 
-9966699 
-9966699 
-9966699 
-9966699 
-9966699 
-9966699 
-9966699 
-9966699 
-9966699 
-9966699 
-9966699 
-9966699 
-9966699 
-9966699 
-9966699 
-9966699 
-9966699 
-9966699 
-9966699 
-9966699 
-9966699 
-9966699 
-9966699 
-9966699 
-9966699 
-9966699 
-9966699 
-9966699 
-9966699 
-9966699 
-9966699 
-9966699 
-9966699 
-9966699 
-9966699 
-9966699 
4741.78808594 
6127.52148438 
4995.70507813 
3287.34521484 
7210.66357422 
24.1739997864 
3603.9753418 
4693.81933594 
3661.21606445 
2102.67944336 
3817.28979492 
3920.67626953 
4761.67919922 
2659.18676758 
3235.6652832 
4055.41674805 
-9966699 
-9966699 
-9966699 
-9966699 
-9966699 
-9966699 
-9966699 
-9966699 
-9966699 
-9966699 
-9966699 
-9966699 
-9966699 
-9966699 
-9966699 
-9966699 
-9966699 
-9966699 
-9966699 
-9966699 
-9966699 
-9966699 
-9966699 
-9966699 
-9966699 
-9966699 
-9966699 
-9966699 
-9966699 
-9966699 
-9966699 
-9966699 
-9966699 
-9966699 
-9966699 
-9966699 
-9966699 
-9966699 
-9966699 
-9966699 
-9966699 
-9966699 
-9966699 
-9966699 
-9966699 
-9966699 
-9966699 
-9966699 
-9966699 
-9966699 
-9966699 
-9966699 
-9966699 
-9966699 
-9966699 
4050.32617188 
5158.1328125 
3834.33935547 
4452.68017578 
5535.91650391 
5245.83496094 
2214.32739258 
83796.859375 
14172.9472656 
4461.88134766 
4595.05419922 
3844.66210938 
5507.93994141 
4046.01074219 
6905.32275391 
4487.80517578 
5464.50048828 
3849.76855469 
-9966699 
-9966699 
-9966699 
-9966699 
-9966699 
-9966699 
-9966699 
-9966699 
-9966699 
-9966699 
-9966699 
-9966699 
-9966699 
-9966699 
-9966699 
-9966699 
-9966699 
-9966699 
-9966699 
-9966699 
-9966699 
-9966699 
-9966699 
-9966699 
-9966699 
-9966699 
-9966699 
-9966699 
-9966699 
-9966699 
-9966699 
-9966699 
-9966699 
-9966699 
-9966699 
-9966699 
-9966699 
-9966699 
-9966699 
-9966699 
-9966699 
-9966699 
-9966699 
-9966699 
-9966699 
-9966699 
-9966699 
-9966699 
-9966699 
-9966699 
-9966699 
-9966699 
2781.23168945 
2571.13232422 
4087.89160156 
5315.62646484 
4119.44677734 
4486.25048828 
4539.52880859 
4613.12207031 
70.4948806763 
3253.65307617 
3614.81323242 
3986.63818359 
4664.79052734 
4426.12792969 
4192.12207031 
7255.09667969 
4396.94433594 
5364.54248047 
3177.11669922 
3952.74291992 
-9966699 
-9966699 
-9966699 
-9966699 
-9966699 
-9966699 
-9966699 
-9966699 
-9966699 
-9966699 
-9966699 
-9966699 
-9966699 
-9966699 
-9966699 
-9966699 
-9966699 
-9966699 
-9966699 
-9966699 
-9966699 
-9966699 
-9966699 
-9966699 
-9966699 
-9966699 
-9966699 
-9966699 
-9966699 
-9966699 
-9966699 
-9966699 
-9966699 
-9966699 
-9966699 
-9966699 
-9966699 
-9966699 
-9966699 
-9966699 
-9966699 
-9966699 
-9966699 
-9966699 
-9966699 
-9966699 
-9966699 
-9966699 
-9966699 
-9966699 
-9966699 
4194.72705078 
4167.40429688 
2807.2565918 
3886.07397461 
2743.93505859 
4671.46533203 
1105.53063965 
361.77545166 
4397.37451172 
2778.70361328 
2627.50610352 
3917.29370117 
3850.31933594 
4659.04052734 
1937.95422363 
4147.00244141 
5231.87841797 
3891.79003906 
3901.9140625 
3294.30566406 
5417.85302734 
3743.74633789 
-9966699 
-9966699 
-9966699 
-9966699 
-9966699 
-9966699 
-9966699 
-9966699 
-9966699 
-9966699 
-9966699 
-9966699 
-9966699 
-9966699 
-9966699 
-9966699 
-9966699 
-9966699 
-9966699 
-9966699 
-9966699 
-9966699 
-9966699 
-9966699 
-9966699 
-9966699 
-9966699 
-9966699 
-9966699 
-9966699 
-9966699 
-9966699 
-9966699 
-9966699 
-9966699 
-9966699 
-9966699 
-9966699 
-9966699 
-9966699 
-9966699 
-9966699 
-9966699 
-9966699 
-9966699 
-9966699 
-9966699 
-9966699 
-9966699 
-9966699 
3357.64550781 
7038.74462891 
5659.98535156 
3349.06079102 
4634.46923828 
3659.62573242 
2922.87939453 
4257.16601563 
5154.15332031 
6233.02050781 
5424.296875 
2921.85375977 
4052.49804688 
5668.24267578 
6659.70898438 
4488.70068359 
3484.92504883 
3987.88696289 
4554.46728516 
5876.63720703 
4628.44921875 
-9966699 
-9966699 
-9966699 
-9966699 
-9966699 
-9966699 
-9966699 
-9966699 
-9966699 
-9966699 
-9966699 
-9966699 
-9966699 
-9966699 
-9966699 
-9966699 
-9966699 
-9966699 
-9966699 
-9966699 
-9966699 
-9966699 
-9966699 
-9966699 
-9966699 
-9966699 
-9966699 
-9966699 
-9966699 
-9966699 
-9966699 
-9966699 
-9966699 
-9966699 
-9966699 
-9966699 
-9966699 
-9966699 
-9966699 
-9966699 
-9966699 
-9966699 
-9966699 
-9966699 
-9966699 
-9966699 
-9966699 
-9966699 
-9966699 
-9966699 
5531.99853516 
2949.76147461 
6811.64404297 
6592.55566406 
4841.65478516 
5911.06298828 
3158.66577148 
3889.93530273 
4681.34570313 
6.59993553162 
49.4454536438 
4771.48681641 
3646.36938477 
5652.47216797 
4050.88183594 
3046.26293945 
4128.68945313 
4943.55664063 
3401.14038086 
4618.03515625 
-9966699 
-9966699 
-9966699 
-9966699 
-9966699 
-9966699 
-9966699 
-9966699 
-9966699 
-9966699 
-9966699 
-9966699 
-9966699 
-9966699 
-9966699 
-9966699 
-9966699 
-9966699 
-9966699 
-9966699 
-9966699 
-9966699 
-9966699 
-9966699 
-9966699 
-9966699 
-9966699 
-9966699 
-9966699 
-9966699 
-9966699 
-9966699 
-9966699 
-9966699 
-9966699 
-9966699 
-9966699 
-9966699 
-9966699 
-9966699 
-9966699 
-9966699 
-9966699 
-9966699 
-9966699 
-9966699 
-9966699 
-9966699 
-9966699 
-9966699 
4224.78955078 
4994.33837891 
3007.84619141 
5530.15478516 
3314.41650391 
3055.38964844 
3646.13208008 
4728.34814453 
4177.43164063 
19372.8359375 
28225.890625 
7775.73046875 
11020.4580078 
2947.25390625 
6237.16503906 
6146.75830078 
5105.59960938 
2964.43432617 
5416 
4890.88574219 
4357.37451172 
3515.36303711 
5638.35595703 
3023.11816406 
-9966699 
-9966699 
-9966699 
-9966699 
-9966699 
-9966699 
-9966699 
-9966699 
-9966699 
-9966699 
-9966699 
-9966699 
-9966699 
-9966699 
-9966699 
-9966699 
-9966699 
-9966699 
-9966699 
-9966699 
-9966699 
-9966699 
-9966699 
-9966699 
-9966699 
-9966699 
-9966699 
-9966699 
-9966699 
-9966699 
-9966699 
-9966699 
-9966699 
-9966699 
-9966699 
-9966699 
-9966699 
-9966699 
-9966699 
-9966699 
-9966699 
-9966699 
-9966699 
-9966699 
-9966699 
-9966699 
-9966699 
-9966699 
3586.86621094 
3674.88354492 
7423.58789063 
2958.25341797 
3732.66674805 
5652.89794922 
4131.85400391 
359.947235107 
19777.421875 
5485.05908203 
1469.6418457 
24300.7167969 
3961.38818359 
12688.6015625 
3535.11621094 
4420.96191406 
0.708379507065 
2970.38476563 
4615.90917969 
3319.26098633 
6122.45361328 
7268.57617188 
3259.06787109 
3434.90429688 
-9966699 
-9966699 
-9966699 
-9966699 
-9966699 
-9966699 
-9966699 
-9966699 
-9966699 
-9966699 
-9966699 
-9966699 
-9966699 
-9966699 
-9966699 
-9966699 
-9966699 
-9966699 
-9966699 
-9966699 
-9966699 
-9966699 
-9966699 
-9966699 
-9966699 
-9966699 
-9966699 
-9966699 
-9966699 
-9966699 
-9966699 
-9966699 
-9966699 
-9966699 
-9966699 
-9966699 
-9966699 
-9966699 
-9966699 
-9966699 
-9966699 
-9966699 
-9966699 
-9966699 
-9966699 
-9966699 
-9966699 
-9966699 
4186.19726563 
5052.7421875 
2838.43774414 
4882.32080078 
4800.59277344 
3980.65185547 
986.530456543 
11018.5517578 
20626.1269531 
17127.9707031 
3896.40405273 
8644.875 
23.5645008087 
3420.46704102 
4026.53808594 
2922.39306641 
6561.94580078 
5544.37304688 
4314.37841797 
6333.40917969 
6023.12109375 
3661.28540039 
2473.74291992 
-9966699 
-9966699 
-9966699 
-9966699 
-9966699 
-9966699 
-9966699 
-9966699 
-9966699 
-9966699 
-9966699 
-9966699 
-9966699 
-9966699 
-9966699 
-9966699 
-9966699 
-9966699 
-9966699 
-9966699 
-9966699 
-9966699 
-9966699 
-9966699 
-9966699 
-9966699 
-9966699 
-9966699 
-9966699 
-9966699 
-9966699 
-9966699 
-9966699 
-9966699 
-9966699 
-9966699 
-9966699 
-9966699 
-9966699 
-9966699 
-9966699 
-9966699 
-9966699 
-9966699 
-9966699 
-9966699 
-9966699 
-9966699 
3119.14111328 
3082.07543945 
4544.55322266 
3153.66333008 
4815.9921875 
3835.52124023 
7013.390625 
4370.28515625 
1321.77954102 
8833.57519531 
5332.85546875 
42698.0390625 
6023.77050781 
4121.95117188 
4147.74609375 
3366.35327148 
4331.45019531 
2531.33105469 
3814.64575195 
3888.06494141 
3134.98754883 
3589.64331055 
4682.11279297 
3898.72119141 
-9966699 
-9966699 
-9966699 
-9966699 
-9966699 
-9966699 
-9966699 
-9966699 
-9966699 
-9966699 
-9966699 
-9966699 
-9966699 
-9966699 
-9966699 
-9966699 
-9966699 
-9966699 
-9966699 
-9966699 
-9966699 
-9966699 
-9966699 
-9966699 
-9966699 
-9966699 
-9966699 
-9966699 
-9966699 
-9966699 
-9966699 
-9966699 
-9966699 
-9966699 
-9966699 
-9966699 
-9966699 
-9966699 
-9966699 
-9966699 
-9966699 
-9966699 
-9966699 
-9966699 
-9966699 
-9966699 
-9966699 
5172.2578125 
3028.94775391 
5304.70996094 
2521.69995117 
4490.72265625 
4330.77978516 
4106.92382813 
6553.08984375 
5540.32177734 
14633.4628906 
4399.04248047 
5104.74951172 
5776.10644531 
3732.92871094 
6957.65429688 
1593.21582031 
2855.9831543 
4978.34521484 
3873.37890625 
4036.82177734 
4816.73974609 
3864.37011719 
3790.65625 
2716.73803711 
-9966699 
-9966699 
-9966699 
-9966699 
-9966699 
-9966699 
-9966699 
-9966699 
-9966699 
-9966699 
-9966699 
-9966699 
-9966699 
-9966699 
-9966699 
-9966699 
-9966699 
-9966699 
-9966699 
-9966699 
-9966699 
-9966699 
-9966699 
-9966699 
-9966699 
-9966699 
-9966699 
-9966699 
-9966699 
-9966699 
-9966699 
-9966699 
-9966699 
-9966699 
-9966699 
-9966699 
-9966699 
-9966699 
-9966699 
-9966699 
-9966699 
-9966699 
-9966699 
-9966699 
-9966699 
-9966699 
-9966699 
4300.17724609 
5076.24169922 
4753.73583984 
3412.07324219 
3637.58886719 
3251.95703125 
3523.38745117 
4801.41162109 
5855.72314453 
4271.84375 
3469.27709961 
1447.34338379 
4523.1796875 
26.8955078125 
4418.26708984 
4049.09350586 
4247.3046875 
2210.87182617 
2952.03662109 
3960.03540039 
3470.25097656 
6722.76171875 
3635.97729492 
5745.35644531 
-9966699 
-9966699 
-9966699 
-9966699 
-9966699 
-9966699 
-9966699 
-9966699 
-9966699 
-9966699 
-9966699 
-9966699 
-9966699 
-9966699 
-9966699 
-9966699 
-9966699 
-9966699 
-9966699 
-9966699 
-9966699 
-9966699 
-9966699 
-9966699 
-9966699 
-9966699 
-9966699 
-9966699 
-9966699 
-9966699 
-9966699 
-9966699 
-9966699 
-9966699 
-9966699 
-9966699 
-9966699 
-9966699 
-9966699 
-9966699 
-9966699 
-9966699 
-9966699 
-9966699 
-9966699 
-9966699 
-9966699 
3859.86279297 
4864.17919922 
3558.38720703 
4001.86401367 
3629.65087891 
4648.93603516 
4100.20947266 
5397.41210938 
3095.00952148 
3680.9831543 
10968.7304688 
104161.117188 
110883.4375 
4843.62646484 
7519.26367188 
109484.84375 
32896.078125 
4730.3125 
2662.07543945 
3151.98730469 
5441.34863281 
4852.27392578 
3432.63745117 
-9966699 
-9966699 
-9966699 
-9966699 
-9966699 
-9966699 
-9966699 
-9966699 
-9966699 
-9966699 
-9966699 
-9966699 
-9966699 
-9966699 
-9966699 
-9966699 
-9966699 
-9966699 
-9966699 
-9966699 
-9966699 
-9966699 
-9966699 
-9966699 
-9966699 
-9966699 
-9966699 
-9966699 
-9966699 
-9966699 
-9966699 
-9966699 
-9966699 
-9966699 
-9966699 
-9966699 
-9966699 
-9966699 
-9966699 
-9966699 
-9966699 
-9966699 
-9966699 
-9966699 
-9966699 
-9966699 
-9966699 
-9966699 
-9966699 
5534.80175781 
4180.80761719 
3392.3515625 
3601.79003906 
2572.47729492 
4695.66503906 
4084.15917969 
4885.49804688 
2769.2421875 
3982.96826172 
5796.1484375 
95868.34375 
44249.0390625 
4739.83398438 
5242.54296875 
-9966699 
763992.375 
2725.11865234 
3588.88476563 
3749.85083008 
5100.3515625 
3935.51123047 
-9966699 
-9966699 
-9966699 
-9966699 
-9966699 
-9966699 
-9966699 
-9966699 
-9966699 
-9966699 
-9966699 
-9966699 
-9966699 
-9966699 
-9966699 
-9966699 
-9966699 
-9966699 
-9966699 
-9966699 
-9966699 
-9966699 
-9966699 
-9966699 
-9966699 
-9966699 
-9966699 
-9966699 
-9966699 
-9966699 
-9966699 
-9966699 
-9966699 
-9966699 
-9966699 
-9966699 
-9966699 
-9966699 
-9966699 
-9966699 
-9966699 
-9966699 
-9966699 
-9966699 
-9966699 
-9966699 
-9966699 
-9966699 
-9966699 
-9966699 
-9966699 
6519.61523438 
6186.12792969 
3804.99609375 
3925.31689453 
4572.04003906 
4964.22753906 
5356.70605469 
12834.6132813 
16188.5380859 
112945.601563 
138749.359375 
73240.8125 
114578.554688 
371531.1875 
4565.52099609 
5662.78417969 
5497.15087891 
3915.03613281 
5620.14501953 
-9966699 
-9966699 
-9966699 
-9966699 
-9966699 
-9966699 
-9966699 
-9966699 
-9966699 
-9966699 
-9966699 
-9966699 
-9966699 
-9966699 
-9966699 
-9966699 
-9966699 
-9966699 
-9966699 
-9966699 
-9966699 
-9966699 
-9966699 
-9966699 
-9966699 
-9966699 
-9966699 
-9966699 
-9966699 
-9966699 
-9966699 
-9966699 
-9966699 
-9966699 
-9966699 
-9966699 
-9966699 
-9966699 
-9966699 
-9966699 
-9966699 
-9966699 
-9966699 
-9966699 
-9966699 
-9966699 
-9966699 
-9966699 
-9966699 
-9966699 
-9966699 
-9966699 
-9966699 
5104.65136719 
6625.78369141 
3699.546875 
3148.14135742 
2888.94506836 
2940.74243164 
6374.42236328 
9514.15722656 
7164.82958984 
5528.98535156 
106292.9375 
112439.1875 
3706.22338867 
5290.3828125 
3829.13525391 
4608.71972656 
4347.16601563 
-9966699 
-9966699 
-9966699 
-9966699 
-9966699 
-9966699 
-9966699 
-9966699 
-9966699 
-9966699 
-9966699 
-9966699 
-9966699 
-9966699 
-9966699 
-9966699 
-9966699 
-9966699 
-9966699 
-9966699 
-9966699 
-9966699 
-9966699 
-9966699 
-9966699 
-9966699 
-9966699 
-9966699 
-9966699 
-9966699 
-9966699 
-9966699 
-9966699 
-9966699 
-9966699 
-9966699 
-9966699 
-9966699 
-9966699 
-9966699 
-9966699 
-9966699 
-9966699 
-9966699 
-9966699 
-9966699 
-9966699 
-9966699 
-9966699 
-9966699 
-9966699 
-9966699 
-9966699 
-9966699 
5859.64160156 
6175.24462891 
3703.58642578 
3061.14770508 
3878.38598633 
4816.41503906 
6433.96777344 
2906.16259766 
104732.6875 
28920.1972656 
3109.35546875 
4673.21679688 
2565.99609375 
4692.92089844 
3215.77661133 
3611.59716797 
-9966699 
-9966699 
-9966699 
-9966699 
-9966699 
-9966699 
-9966699 
-9966699 
-9966699 
-9966699 
-9966699 
-9966699 
-9966699 
-9966699 
-9966699 
-9966699 
-9966699 
-9966699 
-9966699 
-9966699 
-9966699 
-9966699 
-9966699 
-9966699 
-9966699 
-9966699 
-9966699 
-9966699 
-9966699 
-9966699 
-9966699 
-9966699 
-9966699 
-9966699 
-9966699 
-9966699 
-9966699 
-9966699 
-9966699 
-9966699 
-9966699 
-9966699 
-9966699 
-9966699 
-9966699 
-9966699 
-9966699 
-9966699 
-9966699 
-9966699 
-9966699 
-9966699 
-9966699 
-9966699 
-9966699 
3966.72900391 
5750.61572266 
3450.2487793 
3946.72021484 
4777.56689453 
4367.19970703 
5479.62744141 
4781.83056641 
3646.21630859 
17325.0976563 
3573.8359375 
4061.31005859 
4380.44824219 
3564.44018555 
-9966699 
-9966699 
-9966699 
-9966699 
-9966699 
-9966699 
-9966699 
-9966699 
-9966699 
-9966699 
-9966699 
-9966699 
-9966699 
-9966699 
-9966699 
-9966699 
-9966699 
-9966699 
-9966699 
-9966699 
-9966699 
-9966699 
-9966699 
-9966699 
-9966699 
-9966699 
-9966699 
-9966699 
-9966699 
-9966699 
-9966699 
-9966699 
-9966699 
-9966699 
-9966699 
-9966699 
-9966699 
-9966699 
-9966699 
-9966699 
-9966699 
-9966699 
-9966699 
-9966699 
-9966699 
-9966699 
-9966699 
-9966699 
-9966699 
-9966699 
-9966699 
-9966699 
-9966699 
-9966699 
-9966699 
-9966699 
-9966699 
4546.5 
4569.94726563 
2780.55371094 
3833.70239258 
4927.05224609 
3574.02783203 
4566.64111328 
28425.328125 
3992.16723633 
4264.88720703 
4665.24902344 
3039.61010742 
3733.70703125 
-9966699 
-9966699 
-9966699 
-9966699 
-9966699 
-9966699 
-9966699 
-9966699 
-9966699 
-9966699 
-9966699 
-9966699 
-9966699 
-9966699 
-9966699 
-9966699 
-9966699 
-9966699 
-9966699 
-9966699 
-9966699 
-9966699 
-9966699 
-9966699 
-9966699 
-9966699 
-9966699 
-9966699 
-9966699 
-9966699 
-9966699 
-9966699 
-9966699 
-9966699 
-9966699 
-9966699 
-9966699 
-9966699 
-9966699 
-9966699 
-9966699 
-9966699 
-9966699 
-9966699 
-9966699 
-9966699 
-9966699 
-9966699 
-9966699 
-9966699 
-9966699 
-9966699 
-9966699 
-9966699 
-9966699 
-9966699 
-9966699 
-9966699 
-9966699 
4734.06884766 
3760.62597656 
5562.45263672 
3480.5168457 
5216.76123047 
4289.6328125 
3125.17700195 
5394.02929688 
3964.44995117 
2905.69433594 
3903.96142578 
2328.40722656 
-9966699 
-9966699 
-9966699 
-9966699 
-9966699 
-9966699 
-9966699 
-9966699 
-9966699 
-9966699 
-9966699 
-9966699 
-9966699 
-9966699 
-9966699 
-9966699 
-9966699 
-9966699 
-9966699 
-9966699 
-9966699 
-9966699 
-9966699 
-9966699 
-9966699 
-9966699 
-9966699 
-9966699 
-9966699 
-9966699 
-9966699 
-9966699 
-9966699 
-9966699 
-9966699 
-9966699 
-9966699 
-9966699 
-9966699 
-9966699 
-9966699 
-9966699 
-9966699 
-9966699 
-9966699 
-9966699 
-9966699 
-9966699 
-9966699 
-9966699 
-9966699 
-9966699 
-9966699 
-9966699 
-9966699 
-9966699 
-9966699 
-9966699 
-9966699 
4610.07177734 
4924.82421875 
4630.01513672 
3323.38964844 
4470.99804688 
5157.92333984 
383.964599609 
4543.80664063 
3255.64379883 
5912.96142578 
3436.13793945 
-9966699 
-9966699 
-9966699 
-9966699 
-9966699 
-9966699 
-9966699 
-9966699 
-9966699 
-9966699 
-9966699 
-9966699 
-9966699 
-9966699 
-9966699 
-9966699 
-9966699 
-9966699 
-9966699 
-9966699 
-9966699 
-9966699 
-9966699 
-9966699 
-9966699 
-9966699 
-9966699 
-9966699 
-9966699 
-9966699 
-9966699 
-9966699 
-9966699 
-9966699 
-9966699 
-9966699 
-9966699 
-9966699 
-9966699 
-9966699 
-9966699 
-9966699 
-9966699 
-9966699 
-9966699 
-9966699 
-9966699 
-9966699 
-9966699 
-9966699 
-9966699 
-9966699 
-9966699 
-9966699 
-9966699 
-9966699 
-9966699 
-9966699 
-9966699 
-9966699 
3228.59667969 
4097.62744141 
2848.18823242 
4652.88671875 
4544.70703125 
7753.82470703 
4609.81640625 
2516.60327148 
4288.25048828 
3089.4777832 
5015.28173828 
-9966699 
-9966699 
-9966699 
-9966699 
-9966699 
-9966699 
-9966699 
-9966699 
-9966699 
-9966699 
-9966699 
-9966699 
-9966699 
-9966699 
-9966699 
-9966699 
-9966699 
-9966699 
-9966699 
-9966699 
-9966699 
-9966699 
-9966699 
-9966699 
-9966699 
-9966699 
-9966699 
-9966699 
-9966699 
-9966699 
-9966699 
-9966699 
-9966699 
-9966699 
-9966699 
-9966699 
-9966699 
-9966699 
-9966699 
-9966699 
-9966699 
-9966699 
-9966699 
-9966699 
-9966699 
-9966699 
-9966699 
-9966699 
-9966699 
-9966699 
-9966699 
-9966699 
-9966699 
-9966699 
-9966699 
-9966699 
-9966699 
-9966699 
-9966699 
5240.95605469 
3838.35083008 
5512.63671875 
4622.29394531 
4555.33251953 
4696.24658203 
4043.50170898 
4766.54394531 
4223.62695313 
2522.84570313 
4915.83007813 
4095.8034668 
-9966699 
-9966699 
-9966699 
-9966699 
-9966699 
-9966699 
-9966699 
-9966699 
-9966699 
-9966699 
-9966699 
-9966699 
-9966699 
-9966699 
-9966699 
-9966699 
-9966699 
-9966699 
-9966699 
-9966699 
-9966699 
-9966699 
-9966699 
-9966699 
-9966699 
-9966699 
-9966699 
-9966699 
-9966699 
-9966699 
-9966699 
-9966699 
-9966699 
-9966699 
-9966699 
-9966699 
-9966699 
-9966699 
-9966699 
-9966699 
-9966699 
-9966699 
-9966699 
-9966699 
-9966699 
-9966699 
-9966699 
-9966699 
-9966699 
-9966699 
-9966699 
-9966699 
-9966699 
-9966699 
-9966699 
-9966699 
-9966699 
-9966699 
-9966699 
6670.99462891 
7223.91259766 
3786.48754883 
4523.78857422 
4321.9296875 
3729.05957031 
6308.171875 
5563.80175781 
3597.33618164 
3265.12866211 
5036.6015625 
4148.69189453 
-9966699 
-9966699 
-9966699 
-9966699 
-9966699 
-9966699 
-9966699 
-9966699 
-9966699 
-9966699 
-9966699 
-9966699 
-9966699 
-9966699 
-9966699 
-9966699 
-9966699 
-9966699 
-9966699 
-9966699 
-9966699 
-9966699 
-9966699 
-9966699 
-9966699 
-9966699 
-9966699 
-9966699 
-9966699 
-9966699 
-9966699 
-9966699 
-9966699 
-9966699 
-9966699 
-9966699 
-9966699 
-9966699 
-9966699 
-9966699 
-9966699 
-9966699 
-9966699 
-9966699 
-9966699 
-9966699 
-9966699 
-9966699 
-9966699 
-9966699 
-9966699 
-9966699 
-9966699 
-9966699 
-9966699 
-9966699 
-9966699 
-9966699 
-9966699 
3484.37011719 
5247.74169922 
4533.51757813 
3521.68408203 
4438.49951172 
14284.7167969 
3641.97680664 
3620.1574707 
6904.58837891 
5588.20361328 
6417.25341797 
-9966699 
-9966699 
-9966699 
-9966699 
-9966699 
-9966699 
-9966699 
-9966699 
-9966699 
-9966699 
-9966699 
-9966699 
-9966699 
-9966699 
-9966699 
-9966699 
-9966699 
-9966699 
-9966699 
-9966699 
-9966699 
-9966699 
-9966699 
-9966699 
-9966699 
-9966699 
-9966699 
-9966699 
-9966699 
-9966699 
-9966699 
-9966699 
-9966699 
-9966699 
-9966699 
-9966699 
-9966699 
-9966699 
-9966699 
-9966699 
-9966699 
-9966699 
-9966699 
-9966699 
-9966699 
-9966699 
-9966699 
-9966699 
-9966699 
-9966699 
-9966699 
-9966699 
-9966699 
-9966699 
-9966699 
-9966699 
-9966699 
-9966699 
-9966699 
2941.8972168 
2468.85205078 
4698.89599609 
2415.91943359 
4751.74365234 
10.5117092133 
6513.89501953 
3815.52294922 
4475.87158203 
2856.36132813 
3561.28710938 
4101.19628906 
3679.72851563 
-9966699 
-9966699 
-9966699 
-9966699 
-9966699 
-9966699 
-9966699 
-9966699 
-9966699 
-9966699 
-9966699 
-9966699 
-9966699 
-9966699 
-9966699 
-9966699 
-9966699 
-9966699 
-9966699 
-9966699 
-9966699 
-9966699 
-9966699 
-9966699 
-9966699 
-9966699 
-9966699 
-9966699 
-9966699 
-9966699 
-9966699 
-9966699 
-9966699 
-9966699 
-9966699 
-9966699 
-9966699 
-9966699 
-9966699 
-9966699 
-9966699 
-9966699 
-9966699 
-9966699 
-9966699 
-9966699 
-9966699 
-9966699 
-9966699 
-9966699 
-9966699 
-9966699 
-9966699 
-9966699 
-9966699 
-9966699 
-9966699 
-9966699 
4203.58642578 
3073.72705078 
5716.234375 
4096.76416016 
4364.25537109 
2974.20678711 
5335.98779297 
7295.5234375 
3792.34130859 
3024.72900391 
3661.83862305 
2496.23876953 
-9966699 
-9966699 
-9966699 
-9966699 
-9966699 
-9966699 
-9966699 
-9966699 
-9966699 
-9966699 
-9966699 
-9966699 
-9966699 
-9966699 
-9966699 
-9966699 
-9966699 
-9966699 
-9966699 
-9966699 
-9966699 
-9966699 
-9966699 
-9966699 
-9966699 
-9966699 
-9966699 
-9966699 
-9966699 
-9966699 
-9966699 
-9966699 
-9966699 
-9966699 
-9966699 
-9966699 
-9966699 
-9966699 
-9966699 
-9966699 
-9966699 
-9966699 
-9966699 
-9966699 
-9966699 
-9966699 
-9966699 
-9966699 
-9966699 
-9966699 
-9966699 
-9966699 
-9966699 
-9966699 
-9966699 
-9966699 
-9966699 
-9966699 
4541.83740234 
3156.70166016 
8375.34960938 
4853.13574219 
4098.76269531 
4170.77294922 
2995.40722656 
7774.23193359 
600.638305664 
2982.18383789 
2945.9519043 
5503.04199219 
5182.85009766 
-9966699 
-9966699 
-9966699 
-9966699 
-9966699 
-9966699 
-9966699 
-9966699 
-9966699 
-9966699 
-9966699 
-9966699 
-9966699 
-9966699 
-9966699 
-9966699 
-9966699 
-9966699 
-9966699 
-9966699 
-9966699 
-9966699 
-9966699 
-9966699 
-9966699 
-9966699 
-9966699 
-9966699 
-9966699 
-9966699 
-9966699 
-9966699 
-9966699 
-9966699 
-9966699 
-9966699 
-9966699 
-9966699 
-9966699 
-9966699 
-9966699 
-9966699 
-9966699 
-9966699 
-9966699 
-9966699 
-9966699 
-9966699 
-9966699 
-9966699 
-9966699 
-9966699 
-9966699 
-9966699 
-9966699 
-9966699 
-9966699 
-9966699 
4207.46484375 
4134.72119141 
3345.53393555 
3231.93334961 
6283.29980469 
4205.14453125 
250.755462646 
3552.91943359 
5763.35986328 
5691.27832031 
3658.94213867 
4075.40429688 
4920.65625 
-9966699 
-9966699 
-9966699 
-9966699 
-9966699 
-9966699 
-9966699 
-9966699 
-9966699 
-9966699 
-9966699 
-9966699 
-9966699 
-9966699 
-9966699 
-9966699 
-9966699 
-9966699 
-9966699 
-9966699 
-9966699 
-9966699 
-9966699 
-9966699 
-9966699 
-9966699 
-9966699 
-9966699 
-9966699 
-9966699 
-9966699 
-9966699 
-9966699 
-9966699 
-9966699 
-9966699 
-9966699 
-9966699 
-9966699 
-9966699 
-9966699 
-9966699 
-9966699 
-9966699 
-9966699 
-9966699 
-9966699 
-9966699 
-9966699 
-9966699 
-9966699 
-9966699 
-9966699 
-9966699 
-9966699 
-9966699 
-9966699 
-9966699 
3584.38500977 
3558.43212891 
2823.69189453 
2617.81591797 
29.5639152527 
419299.375 
6888.06640625 
4879.99121094 
4279.53613281 
4412.70068359 
2723.18969727 
4592.44287109 
3595.30566406 
3474.56298828 
-9966699 
-9966699 
-9966699 
-9966699 
-9966699 
-9966699 
-9966699 
-9966699 
-9966699 
-9966699 
-9966699 
-9966699 
-9966699 
-9966699 
-9966699 
-9966699 
-9966699 
-9966699 
-9966699 
-9966699 
-9966699 
-9966699 
-9966699 
-9966699 
-9966699 
-9966699 
-9966699 
-9966699 
-9966699 
-9966699 
-9966699 
-9966699 
-9966699 
-9966699 
-9966699 
-9966699 
-9966699 
-9966699 
-9966699 
-9966699 
-9966699 
-9966699 
-9966699 
-9966699 
-9966699 
-9966699 
-9966699 
-9966699 
-9966699 
-9966699 
-9966699 
-9966699 
-9966699 
-9966699 
-9966699 
-9966699 
5493.93359375 
4583.79003906 
2924.90356445 
4592.77294922 
5285.99072266 
39.5647087097 
4159.96728516 
4315.99121094 
4965.890625 
3580.11987305 
4857.65869141 
5626.71484375 
4373.63916016 
4122.34033203 
3278.4284668 
-9966699 
-9966699 
-9966699 
-9966699 
-9966699 
-9966699 
-9966699 
-9966699 
-9966699 
-9966699 
-9966699 
-9966699 
-9966699 
-9966699 
-9966699 
-9966699 
-9966699 
-9966699 
-9966699 
-9966699 
-9966699 
-9966699 
-9966699 
-9966699 
-9966699 
-9966699 
-9966699 
-9966699 
-9966699 
-9966699 
-9966699 
-9966699 
-9966699 
-9966699 
-9966699 
-9966699 
-9966699 
-9966699 
-9966699 
-9966699 
-9966699 
-9966699 
-9966699 
-9966699 
-9966699 
-9966699 
-9966699 
-9966699 
-9966699 
-9966699 
-9966699 
-9966699 
-9966699 
-9966699 
-9966699 
5128.43505859 
4126.50195313 
4786.84130859 
3460.59643555 
4564.04492188 
6426.53662109 
4847.11767578 
24.3640975952 
5623.45166016 
4059.703125 
3333.6628418 
7966.19921875 
5608.7578125 
4728.80273438 
3669.17382813 
-9966699 
-9966699 
-9966699 
-9966699 
-9966699 
-9966699 
-9966699 
-9966699 
-9966699 
-9966699 
-9966699 
-9966699 
-9966699 
-9966699 
-9966699 
-9966699 
-9966699 
-9966699 
-9966699 
-9966699 
-9966699 
-9966699 
-9966699 
-9966699 
-9966699 
-9966699 
-9966699 
-9966699 
-9966699 
-9966699 
-9966699 
-9966699 
-9966699 
-9966699 
-9966699 
-9966699 
-9966699 
-9966699 
-9966699 
-9966699 
-9966699 
-9966699 
-9966699 
-9966699 
-9966699 
-9966699 
-9966699 
-9966699 
-9966699 
-9966699 
-9966699 
-9966699 
-9966699 
-9966699 
-9966699 
-9966699 
4675.55810547 
4954.39160156 
4288.60058594 
3295.67553711 
243.377365112 
35.3147926331 
3012.51733398 
7171.08300781 
5183.25439453 
4675.90771484 
2967.97583008 
3445.8984375 
5295.20117188 
4534.45361328 
2851.26098633 
-9966699 
-9966699 
-9966699 
-9966699 
-9966699 
-9966699 
-9966699 
-9966699 
-9966699 
-9966699 
-9966699 
-9966699 
-9966699 
-9966699 
-9966699 
-9966699 
-9966699 
-9966699 
-9966699 
-9966699 
-9966699 
-9966699 
-9966699 
-9966699 
-9966699 
-9966699 
-9966699 
-9966699 
-9966699 
-9966699 
-9966699 
-9966699 
-9966699 
-9966699 
-9966699 
-9966699 
-9966699 
-9966699 
-9966699 
-9966699 
-9966699 
-9966699 
-9966699 
-9966699 
-9966699 
-9966699 
-9966699 
-9966699 
-9966699 
-9966699 
-9966699 
-9966699 
-9966699 
-9966699 
-9966699 
3182.8269043 
3568.77490234 
4933.26025391 
3685.12060547 
3579.58886719 
0.98216855526 
275.949920654 
3805.82373047 
1558.94299316 
4755.64648438 
366.309326172 
3289.4765625 
6180.33935547 
4617.46679688 
3133.10009766 
-9966699 
-9966699 
-9966699 
-9966699 
-9966699 
-9966699 
-9966699 
-9966699 
-9966699 
-9966699 
-9966699 
-9966699 
-9966699 
-9966699 
-9966699 
-9966699 
-9966699 
-9966699 
-9966699 
-9966699 
-9966699 
-9966699 
-9966699 
-9966699 
-9966699 
-9966699 
-9966699 
-9966699 
-9966699 
-9966699 
-9966699 
-9966699 
-9966699 
-9966699 
-9966699 
-9966699 
-9966699 
-9966699 
-9966699 
-9966699 
-9966699 
-9966699 
-9966699 
-9966699 
-9966699 
-9966699 
-9966699 
-9966699 
-9966699 
-9966699 
-9966699 
-9966699 
-9966699 
-9966699 
-9966699 
2522.45263672 
3376.23876953 
5275.2734375 
4411.81884766 
3035.56958008 
6371.53076172 
3904.27075195 
4277.15332031 
3147.58447266 
4549.04052734 
4089.11816406 
3399.43994141 
6461.88720703 
4599.59570313 
3528.18994141 
-9966699 
-9966699 
-9966699 
-9966699 
-9966699 
-9966699 
-9966699 
-9966699 
-9966699 
-9966699 
-9966699 
-9966699 
-9966699 
-9966699 
-9966699 
-9966699 
-9966699 
-9966699 
-9966699 
-9966699 
-9966699 
-9966699 
-9966699 
-9966699 
-9966699 
-9966699 
-9966699 
-9966699 
-9966699 
-9966699 
-9966699 
-9966699 
-9966699 
-9966699 
-9966699 
-9966699 
-9966699 
-9966699 
-9966699 
-9966699 
-9966699 
-9966699 
-9966699 
-9966699 
-9966699 
-9966699 
-9966699 
-9966699 
-9966699 
-9966699 
-9966699 
-9966699 
-9966699 
-9966699 
-9966699 
-9966699 
3078.20751953 
4203.16455078 
4654.53662109 
3843.33325195 
2736.22949219 
3240.5402832 
5419.46630859 
4792.48828125 
3829.65551758 
3595.66870117 
2381.73364258 
4509.12109375 
3514.37402344 
-9966699 
-9966699 
-9966699 
-9966699 
-9966699 
-9966699 
-9966699 
-9966699 
-9966699 
-9966699 
-9966699 
-9966699 
-9966699 
-9966699 
-9966699 
-9966699 
-9966699 
-9966699 
-9966699 
-9966699 
-9966699 
-9966699 
-9966699 
-9966699 
-9966699 
-9966699 
-9966699 
-9966699 
-9966699 
-9966699 
-9966699 
-9966699 
-9966699 
-9966699 
-9966699 
-9966699 
-9966699 
-9966699 
-9966699 
-9966699 
-9966699 
-9966699 
-9966699 
-9966699 
-9966699 
-9966699 
-9966699 
-9966699 
-9966699 
-9966699 
-9966699 
-9966699 
-9966699 
-9966699 
-9966699 
-9966699 
-9966699 
5160.54443359 
3372.69677734 
3321.29125977 
5934.68212891 
3696.61938477 
3510.83886719 
5585.13476563 
4289.77929688 
3957.7434082 
4042.83374023 
3305.62988281 
4087.34863281 
-9966699 
-9966699 
-9966699 
-9966699 
-9966699 
-9966699 
-9966699 
-9966699 
-9966699 
-9966699 
-9966699 
-9966699 
-9966699 
-9966699 
-9966699 
-9966699 
-9966699 
-9966699 
-9966699 
-9966699 
-9966699 
-9966699 
-9966699 
-9966699 
-9966699 
-9966699 
-9966699 
-9966699 
-9966699 
-9966699 
-9966699 
-9966699 
-9966699 
-9966699 
-9966699 
-9966699 
-9966699 
-9966699 
-9966699 
-9966699 
-9966699 
-9966699 
-9966699 
-9966699 
-9966699 
-9966699 
-9966699 
-9966699 
-9966699 
-9966699 
-9966699 
-9966699 
-9966699 
-9966699 
-9966699 
-9966699 
-9966699 
-9966699 
-9966699 
2891.30541992 
3481.39453125 
5869.34082031 
1961.88476563 
4873.68994141 
5621.28076172 
3311.86328125 
2411.28198242 
3861.67626953 
3441.66186523 
-9966699 
-9966699 
-9966699 
-9966699 
-9966699 
-9966699 
-9966699 
-9966699 
-9966699 
-9966699 
-9966699 
-9966699 
-9966699 
-9966699 
-9966699 
-9966699 
-9966699 
-9966699 
-9966699 
-9966699 
-9966699 
-9966699 
-9966699 
-9966699 
-9966699 
-9966699 
-9966699 
-9966699 
-9966699 
-9966699 
-9966699 
-9966699 
-9966699 
-9966699 
-9966699 
-9966699 
-9966699 
-9966699 
-9966699 
-9966699 
-9966699 
-9966699 
-9966699 
-9966699 
-9966699 
-9966699 
-9966699 
-9966699 
-9966699 
-9966699 
-9966699 
-9966699 
-9966699 
-9966699 
-9966699 
-9966699 
-9966699 
-9966699 
-9966699 
-9966699 
-9966699 
3582.04833984 
3833.21386719 
5656.04589844 
5835.5546875 
3648.01586914 
4856.10742188 
3418.57348633 
-9966699 
-9966699 
4917.78417969 
-9966699 
-9966699 
-9966699 
-9966699 
-9966699 
-9966699 
-9966699 
-9966699 
-9966699 
-9966699 
-9966699 
-9966699 
-9966699 
-9966699 
-9966699 
-9966699 
-9966699 
-9966699 
-9966699 
-9966699 
-9966699 
-9966699 
-9966699 
-9966699 
-9966699 
-9966699 
-9966699 
-9966699 
-9966699 
-9966699 
-9966699 
-9966699 
-9966699 
-9966699 
-9966699 
-9966699 
-9966699 
-9966699 
-9966699 
-9966699 
-9966699 
-9966699 
-9966699 
-9966699 
-9966699 
-9966699 
-9966699 
-9966699 
-9966699 
-9966699 
-9966699 
-9966699 
-9966699 
-9966699 
-9966699 
-9966699 
-9966699 
-9966699 
-9966699 
-9966699 
-9966699 
-9966699 
-9966699 
-9966699 
-9966699 
-9966699 
-9966699 
-9966699 
-9966699 
-9966699 
-9966699 
-9966699 
-9966699 
-9966699 
-9966699 
-9966699 
-9966699 
-9966699 
-9966699 
-9966699 
-9966699 
-9966699 
-9966699 
-9966699 
-9966699 
-9966699 
-9966699 
-9966699 
-9966699 
-9966699 
-9966699 
-9966699 
-9966699 
-9966699 
-9966699 
-9966699 
-9966699 
-9966699 
-9966699 
-9966699 
-9966699 
-9966699 
-9966699 
-9966699 
-9966699 
-9966699 
-9966699 
-9966699 
-9966699 
-9966699 
-9966699 
-9966699 
-9966699 
-9966699 
-9966699 
-9966699 
-9966699 
-9966699 
-9966699 
-9966699 
-9966699 
-9966699 
-9966699 
-9966699 
-9966699 
-9966699 
-9966699 
-9966699 
-9966699 
-9966699 
-9966699 
-9966699 
-9966699 
-9966699 
-9966699 
-9966699 
-9966699 
-9966699 
-9966699 
-9966699 
-9966699 
-9966699 
-9966699 
-9966699 
-9966699 
-9966699 
-9966699 
-9966699 
-9966699 
-9966699 
-9966699 
-9966699 
-9966699 
-9966699 
-9966699 
-9966699 
-9966699 
-9966699 
-9966699 
-9966699 
-9966699 
-9966699 
-9966699 
-9966699 
-9966699 
-9966699 
-9966699 
-9966699 
-9966699 
-9966699 
-9966699 
-9966699 
-9966699 
-9966699 
-9966699 
-9966699 
-9966699 
-9966699 
-9966699 
-9966699 
-9966699 
-9966699 
-9966699 
-9966699 
-9966699 
-9966699 
-9966699 
-9966699 
-9966699 
-9966699 
-9966699 
-9966699 
-9966699 
-9966699 
-9966699 
-9966699 
-9966699 
-9966699 
-9966699 
-9966699 
-9966699 
-9966699 
-9966699 
-9966699 
-9966699 
-9966699 
3624.73193359 
5732.734375 
2773.38110352 
4902.71630859 
2514.57495117 
-9966699 
2630.52929688 
5548.54443359 
5360.17089844 
-9966699 
-9966699 
-9966699 
-9966699 
-9966699 
-9966699 
-9966699 
-9966699 
-9966699 
-9966699 
-9966699 
-9966699 
-9966699 
-9966699 
-9966699 
-9966699 
-9966699 
-9966699 
-9966699 
-9966699 
-9966699 
-9966699 
-9966699 
-9966699 
-9966699 
-9966699 
-9966699 
-9966699 
-9966699 
-9966699 
-9966699 
-9966699 
-9966699 
-9966699 
-9966699 
-9966699 
-9966699 
-9966699 
-9966699 
-9966699 
-9966699 
-9966699 
-9966699 
-9966699 
-9966699 
-9966699 
-9966699 
-9966699 
-9966699 
-9966699 
-9966699 
-9966699 
-9966699 
-9966699 
-9966699 
-9966699 
-9966699 
-9966699 
-9966699 
-9966699 
6843.95458984 
5559.58105469 
2390.40063477 
5702.72460938 
3580.5378418 
5946.83007813 
5141.53808594 
3857.67114258 
5033.58691406 
4614.60791016 
2768.68041992 
-9966699 
-9966699 
-9966699 
-9966699 
-9966699 
-9966699 
-9966699 
-9966699 
-9966699 
-9966699 
-9966699 
-9966699 
-9966699 
-9966699 
-9966699 
-9966699 
-9966699 
-9966699 
-9966699 
-9966699 
-9966699 
-9966699 
-9966699 
-9966699 
-9966699 
-9966699 
-9966699 
-9966699 
-9966699 
-9966699 
-9966699 
-9966699 
-9966699 
-9966699 
-9966699 
-9966699 
-9966699 
-9966699 
-9966699 
-9966699 
-9966699 
-9966699 
-9966699 
-9966699 
-9966699 
-9966699 
-9966699 
-9966699 
-9966699 
-9966699 
-9966699 
-9966699 
-9966699 
-9966699 
-9966699 
-9966699 
-9966699 
-9966699 
5066.83935547 
2907.98901367 
4282.59667969 
2555.25366211 
4283.65429688 
4780.14990234 
786.545959473 
4414.58691406 
2709.20092773 
3894.16967773 
5126.83251953 
5120.48925781 
2744.85693359 
-9966699 
-9966699 
-9966699 
-9966699 
-9966699 
-9966699 
-9966699 
-9966699 
-9966699 
-9966699 
-9966699 
-9966699 
-9966699 
-9966699 
-9966699 
-9966699 
-9966699 
-9966699 
-9966699 
-9966699 
-9966699 
-9966699 
-9966699 
-9966699 
-9966699 
-9966699 
-9966699 
-9966699 
-9966699 
-9966699 
-9966699 
-9966699 
-9966699 
-9966699 
-9966699 
-9966699 
-9966699 
-9966699 
-9966699 
-9966699 
-9966699 
-9966699 
-9966699 
-9966699 
-9966699 
-9966699 
-9966699 
-9966699 
-9966699 
-9966699 
-9966699 
-9966699 
-9966699 
-9966699 
-9966699 
-9966699 
-9966699 
5665.15722656 
3959.96533203 
2963.24291992 
6183.23291016 
2714.20092773 
4332.59033203 
3980.10913086 
2803.85180664 
4867.47509766 
5111.1015625 
5199.65429688 
5054.04150391 
3462.46704102 
3975.61279297 
4684.21777344 
3168.75976563 
-9966699 
-9966699 
-9966699 
-9966699 
-9966699 
-9966699 
-9966699 
-9966699 
-9966699 
-9966699 
-9966699 
-9966699 
-9966699 
-9966699 
-9966699 
-9966699 
-9966699 
-9966699 
-9966699 
-9966699 
-9966699 
-9966699 
-9966699 
-9966699 
-9966699 
-9966699 
-9966699 
-9966699 
-9966699 
-9966699 
-9966699 
-9966699 
-9966699 
-9966699 
-9966699 
-9966699 
-9966699 
-9966699 
-9966699 
-9966699 
-9966699 
-9966699 
-9966699 
-9966699 
-9966699 
-9966699 
-9966699 
-9966699 
-9966699 
-9966699 
-9966699 
-9966699 
-9966699 
-9966699 
3331.74584961 
4718.22900391 
5325.24902344 
4508.40283203 
27761.8574219 
3393.99145508 
3980.2043457 
6451.49560547 
6947.40966797 
3972.28710938 
4724.07910156 
4044.70776367 
4499.44384766 
2707.70678711 
3959.12011719 
5690.35253906 
3250.48608398 
4040.20874023 
-9966699 
-9966699 
-9966699 
-9966699 
-9966699 
-9966699 
-9966699 
-9966699 
-9966699 
-9966699 
-9966699 
-9966699 
-9966699 
-9966699 
-9966699 
-9966699 
-9966699 
-9966699 
-9966699 
-9966699 
-9966699 
-9966699 
-9966699 
-9966699 
-9966699 
-9966699 
-9966699 
-9966699 
-9966699 
-9966699 
-9966699 
-9966699 
-9966699 
-9966699 
-9966699 
-9966699 
-9966699 
-9966699 
-9966699 
-9966699 
-9966699 
-9966699 
-9966699 
-9966699 
-9966699 
-9966699 
-9966699 
-9966699 
-9966699 
-9966699 
-9966699 
-9966699 
3645.02978516 
3642.77612305 
4411.68701172 
5104.05517578 
6624.11914063 
5921.24804688 
5475.60205078 
5652.43212891 
5731.2734375 
71.3375244141 
5297.61181641 
2457.87524414 
4241.54638672 
4488.79296875 
4343.44970703 
3630.88647461 
2687.7175293 
6084.22021484 
2911.84521484 
-9966699 
-9966699 
-9966699 
-9966699 
-9966699 
-9966699 
-9966699 
-9966699 
-9966699 
-9966699 
-9966699 
-9966699 
-9966699 
-9966699 
-9966699 
-9966699 
-9966699 
-9966699 
-9966699 
-9966699 
-9966699 
-9966699 
-9966699 
-9966699 
-9966699 
-9966699 
-9966699 
-9966699 
-9966699 
-9966699 
-9966699 
-9966699 
-9966699 
-9966699 
-9966699 
-9966699 
-9966699 
-9966699 
-9966699 
-9966699 
-9966699 
-9966699 
-9966699 
-9966699 
-9966699 
-9966699 
-9966699 
-9966699 
-9966699 
-9966699 
-9966699 
3788.10766602 
4273.73388672 
4512.58007813 
4075.49316406 
4746.60107422 
4387.37060547 
4250.41992188 
43609.7148438 
2337.88208008 
4473.35839844 
3598.78881836 
4441.33349609 
3476.74462891 
5558.20458984 
3462.29174805 
4442.07861328 
29.8965759277 
4098.28662109 
4723.26708984 
-9966699 
-9966699 
-9966699 
-9966699 
-9966699 
-9966699 
-9966699 
-9966699 
-9966699 
-9966699 
-9966699 
-9966699 
-9966699 
-9966699 
-9966699 
-9966699 
-9966699 
-9966699 
-9966699 
-9966699 
-9966699 
-9966699 
-9966699 
-9966699 
-9966699 
-9966699 
-9966699 
-9966699 
-9966699 
-9966699 
-9966699 
-9966699 
-9966699 
-9966699 
-9966699 
-9966699 
-9966699 
-9966699 
-9966699 
-9966699 
-9966699 
-9966699 
-9966699 
-9966699 
-9966699 
-9966699 
-9966699 
-9966699 
-9966699 
-9966699 
-9966699 
4455.50878906 
3031.59570313 
5909.70898438 
2184.49804688 
3806.97363281 
4035.52978516 
3200.49560547 
3906.6328125 
3460.90332031 
3385.43408203 
5162.75878906 
22348.40625 
4229.38085938 
4691.93115234 
3061.06274414 
3094.50732422 
4384.64501953 
3261.8269043 
4873.96826172 
5302.66650391 
-9966699 
-9966699 
-9966699 
-9966699 
-9966699 
-9966699 
-9966699 
-9966699 
-9966699 
-9966699 
-9966699 
-9966699 
-9966699 
-9966699 
-9966699 
-9966699 
-9966699 
-9966699 
-9966699 
-9966699 
-9966699 
-9966699 
-9966699 
-9966699 
-9966699 
-9966699 
-9966699 
-9966699 
-9966699 
-9966699 
-9966699 
-9966699 
-9966699 
-9966699 
-9966699 
-9966699 
-9966699 
-9966699 
-9966699 
-9966699 
-9966699 
-9966699 
-9966699 
-9966699 
-9966699 
-9966699 
-9966699 
-9966699 
-9966699 
-9966699 
-9966699 
3700.44287109 
4487.27001953 
4995.55273438 
4843.8984375 
4493.81298828 
4263.82958984 
4798.52392578 
4195.90429688 
26594.1484375 
18597.4921875 
5358.24853516 
2253.77441406 
3787.9453125 
521.55078125 
4854.92822266 
2923.87109375 
7991.20361328 
4689.56396484 
3548.95703125 
5924.10351563 
-9966699 
-9966699 
-9966699 
-9966699 
-9966699 
-9966699 
-9966699 
-9966699 
-9966699 
-9966699 
-9966699 
-9966699 
-9966699 
-9966699 
-9966699 
-9966699 
-9966699 
-9966699 
-9966699 
-9966699 
-9966699 
-9966699 
-9966699 
-9966699 
-9966699 
-9966699 
-9966699 
-9966699 
-9966699 
-9966699 
-9966699 
-9966699 
-9966699 
-9966699 
-9966699 
-9966699 
-9966699 
-9966699 
-9966699 
-9966699 
-9966699 
-9966699 
-9966699 
-9966699 
-9966699 
-9966699 
-9966699 
-9966699 
-9966699 
-9966699 
-9966699 
-9966699 
3908.07080078 
4423.89013672 
3986.57177734 
6229.02734375 
4653.37304688 
2984.7277832 
4644.96923828 
54408.8203125 
5922.48583984 
2290.70141602 
4540.92333984 
4650.56542969 
3580.43994141 
3366.04711914 
4831.96875 
4699.44921875 
4641.07177734 
4819.38623047 
5388.47167969 
-9966699 
-9966699 
-9966699 
-9966699 
-9966699 
-9966699 
-9966699 
-9966699 
-9966699 
-9966699 
-9966699 
-9966699 
-9966699 
-9966699 
-9966699 
-9966699 
-9966699 
-9966699 
-9966699 
-9966699 
-9966699 
-9966699 
-9966699 
-9966699 
-9966699 
-9966699 
-9966699 
-9966699 
-9966699 
-9966699 
-9966699 
-9966699 
-9966699 
-9966699 
-9966699 
-9966699 
-9966699 
-9966699 
-9966699 
-9966699 
-9966699 
-9966699 
-9966699 
-9966699 
-9966699 
-9966699 
-9966699 
-9966699 
-9966699 
-9966699 
-9966699 
-9966699 
-9966699 
4047.1081543 
3847.88745117 
5337.83789063 
3202.09277344 
3007.32470703 
4023.78466797 
4193.07275391 
63947.3007813 
5276.61328125 
15905.8193359 
2737.96240234 
28258.0761719 
6927.98486328 
8585.93554688 
3512.44140625 
6647.99951172 
4826.29492188 
4044.36328125 
4865.58886719 
-9966699 
-9966699 
-9966699 
-9966699 
-9966699 
-9966699 
-9966699 
-9966699 
-9966699 
-9966699 
-9966699 
-9966699 
-9966699 
-9966699 
-9966699 
-9966699 
-9966699 
-9966699 
-9966699 
-9966699 
-9966699 
-9966699 
-9966699 
-9966699 
-9966699 
-9966699 
-9966699 
-9966699 
-9966699 
-9966699 
-9966699 
-9966699 
-9966699 
-9966699 
-9966699 
-9966699 
-9966699 
-9966699 
-9966699 
-9966699 
-9966699 
-9966699 
-9966699 
-9966699 
-9966699 
-9966699 
-9966699 
-9966699 
-9966699 
-9966699 
-9966699 
-9966699 
4229.44677734 
2839.81616211 
4255.80175781 
4902.92626953 
2275.62915039 
3795.24145508 
3410.33886719 
5558.12646484 
3309.51879883 
5737.14257813 
2102.31567383 
2567.33569336 
4858.8828125 
4459.69189453 
4093.06274414 
3599.85571289 
6468.37402344 
4617.03125 
-9966699 
-9966699 
-9966699 
-9966699 
-9966699 
-9966699 
-9966699 
-9966699 
-9966699 
-9966699 
-9966699 
-9966699 
-9966699 
-9966699 
-9966699 
-9966699 
-9966699 
-9966699 
-9966699 
-9966699 
-9966699 
-9966699 
-9966699 
-9966699 
-9966699 
-9966699 
-9966699 
-9966699 
-9966699 
-9966699 
-9966699 
-9966699 
-9966699 
-9966699 
-9966699 
-9966699 
-9966699 
-9966699 
-9966699 
-9966699 
-9966699 
-9966699 
-9966699 
-9966699 
-9966699 
-9966699 
-9966699 
-9966699 
-9966699 
-9966699 
-9966699 
-9966699 
4384.78955078 
3875.2265625 
4068.20800781 
3961.37988281 
4294.06591797 
3427.1628418 
4626.8125 
3042.79980469 
5326.56835938 
3060.25830078 
4896.17871094 
4135.18847656 
3842.59472656 
5825.33886719 
0.748724281788 
6766.69091797 
4418.63574219 
3123.72119141 
-9966699 
-9966699 
-9966699 
-9966699 
-9966699 
-9966699 
-9966699 
-9966699 
-9966699 
-9966699 
-9966699 
-9966699 
-9966699 
-9966699 
-9966699 
-9966699 
-9966699 
-9966699 
-9966699 
-9966699 
-9966699 
-9966699 
-9966699 
-9966699 
-9966699 
-9966699 
-9966699 
-9966699 
-9966699 
-9966699 
-9966699 
-9966699 
-9966699 
-9966699 
-9966699 
-9966699 
-9966699 
-9966699 
-9966699 
-9966699 
-9966699 
-9966699 
-9966699 
-9966699 
-9966699 
-9966699 
-9966699 
-9966699 
-9966699 
-9966699 
-9966699 
-9966699 
-9966699 
4694.47753906 
3802.31176758 
3813.26635742 
4144.50146484 
4553.60205078 
3774.05004883 
3708.33740234 
6426.90625 
4523.84863281 
3533.92138672 
5299.63183594 
5459.47216797 
2898.7644043 
3608.81201172 
3316.65527344 
3772.42358398 
3775.25878906 
-9966699 
-9966699 
-9966699 
-9966699 
-9966699 
-9966699 
-9966699 
-9966699 
-9966699 
-9966699 
-9966699 
-9966699 
-9966699 
-9966699 
-9966699 
-9966699 
-9966699 
-9966699 
-9966699 
-9966699 
-9966699 
-9966699 
-9966699 
-9966699 
-9966699 
-9966699 
-9966699 
-9966699 
-9966699 
-9966699 
-9966699 
-9966699 
-9966699 
-9966699 
-9966699 
-9966699 
-9966699 
-9966699 
-9966699 
-9966699 
-9966699 
-9966699 
-9966699 
-9966699 
-9966699 
-9966699 
-9966699 
-9966699 
-9966699 
-9966699 
-9966699 
-9966699 
-9966699 
-9966699 
-9966699 
-9966699 
-9966699 
-9966699 
5708.04589844 
6080.33105469 
4795.53466797 
2980.46557617 
3621.93408203 
14.3621673584 
111550.804688 
5624.50878906 
47627.0546875 
3600.22290039 
5069.22314453 
4017.06323242 
-9966699 
-9966699 
-9966699 
-9966699 
-9966699 
-9966699 
-9966699 
-9966699 
-9966699 
-9966699 
-9966699 
-9966699 
-9966699 
-9966699 
-9966699 
-9966699 
-9966699 
-9966699 
-9966699 
-9966699 
-9966699 
-9966699 
-9966699 
-9966699 
-9966699 
-9966699 
-9966699 
-9966699 
-9966699 
-9966699 
-9966699 
-9966699 
-9966699 
-9966699 
-9966699 
-9966699 
-9966699 
-9966699 
-9966699 
-9966699 
-9966699 
-9966699 
-9966699 
-9966699 
-9966699 
-9966699 
-9966699 
-9966699 
-9966699 
-9966699 
-9966699 
-9966699 
-9966699 
-9966699 
-9966699 
-9966699 
-9966699 
-9966699 
-9966699 
3664.98730469 
3727.43481445 
3908.33984375 
4525.30859375 
185.606369019 
416.411804199 
97030.109375 
310746.84375 
5088.97119141 
16703.4160156 
3979.16479492 
-9966699 
-9966699 
-9966699 
-9966699 
-9966699 
-9966699 
-9966699 
-9966699 
-9966699 
-9966699 
-9966699 
-9966699 
-9966699 
-9966699 
-9966699 
-9966699 
-9966699 
-9966699 
-9966699 
-9966699 
-9966699 
-9966699 
-9966699 
-9966699 
-9966699 
-9966699 
-9966699 
-9966699 
-9966699 
-9966699 
-9966699 
-9966699 
-9966699 
-9966699 
-9966699 
-9966699 
-9966699 
-9966699 
-9966699 
-9966699 
-9966699 
-9966699 
-9966699 
-9966699 
-9966699 
-9966699 
-9966699 
-9966699 
-9966699 
-9966699 
-9966699 
-9966699 
-9966699 
-9966699 
-9966699 
-9966699 
-9966699 
-9966699 
-9966699 
4089.72924805 
5986.31347656 
4981.17822266 
5052.78857422 
4908.40136719 
6492.78417969 
3637.86791992 
5655.23339844 
67408.5 
16348.6933594 
3972.58886719 
-9966699 
-9966699 
-9966699 
-9966699 
-9966699 
-9966699 
-9966699 
-9966699 
-9966699 
-9966699 
-9966699 
-9966699 
-9966699 
-9966699 
-9966699 
-9966699 
-9966699 
-9966699 
-9966699 
-9966699 
-9966699 
-9966699 
-9966699 
-9966699 
-9966699 
-9966699 
-9966699 
-9966699 
-9966699 
-9966699 
-9966699 
-9966699 
-9966699 
-9966699 
-9966699 
-9966699 
-9966699 
-9966699 
-9966699 
-9966699 
-9966699 
-9966699 
-9966699 
-9966699 
-9966699 
-9966699 
-9966699 
-9966699 
-9966699 
-9966699 
-9966699 
-9966699 
-9966699 
-9966699 
-9966699 
-9966699 
-9966699 
-9966699 
-9966699 
-9966699 
4503.99316406 
3773.31176758 
5228.16015625 
4888.20849609 
4573.36328125 
5657.64306641 
2663.21191406 
3878.1472168 
1055.6036377 
5268.01855469 
-9966699 
-9966699 
-9966699 
-9966699 
-9966699 
-9966699 
-9966699 
-9966699 
-9966699 
-9966699 
-9966699 
-9966699 
-9966699 
-9966699 
-9966699 
-9966699 
-9966699 
-9966699 
-9966699 
-9966699 
-9966699 
-9966699 
-9966699 
-9966699 
-9966699 
-9966699 
-9966699 
-9966699 
-9966699 
-9966699 
-9966699 
-9966699 
-9966699 
-9966699 
-9966699 
-9966699 
-9966699 
-9966699 
-9966699 
-9966699 
-9966699 
-9966699 
-9966699 
-9966699 
-9966699 
-9966699 
-9966699 
-9966699 
-9966699 
-9966699 
-9966699 
-9966699 
-9966699 
-9966699 
-9966699 
-9966699 
-9966699 
-9966699 
-9966699 
-9966699 
-9966699 
4301.73632813 
3323.13623047 
3443.51586914 
2910.17895508 
5248.10839844 
5724.95019531 
4084.83764648 
4468.08789063 
3568.85375977 
-9966699 
-9966699 
-9966699 
-9966699 
-9966699 
-9966699 
-9966699 
-9966699 
-9966699 
-9966699 
-9966699 
-9966699 
-9966699 
-9966699 
-9966699 
-9966699 
-9966699 
-9966699 
-9966699 
-9966699 
-9966699 
-9966699 
-9966699 
-9966699 
-9966699 
-9966699 
-9966699 
-9966699 
-9966699 
-9966699 
-9966699 
-9966699 
-9966699 
-9966699 
-9966699 
-9966699 
-9966699 
-9966699 
-9966699 
-9966699 
-9966699 
-9966699 
-9966699 
-9966699 
-9966699 
-9966699 
-9966699 
-9966699 
-9966699 
-9966699 
-9966699 
-9966699 
-9966699 
-9966699 
-9966699 
-9966699 
-9966699 
-9966699 
-9966699 
-9966699 
-9966699 
-9966699 
3909.08154297 
3930.44189453 
3273.38745117 
4061.46606445 
3608.90307617 
3513.06323242 
3486.65649414 
3326.46557617 
